2435957.393221,1.0422360000000002,2.08186885,4.36307344,1.58113871,1.29813414,3.7305218,1.58106049,1.0
2435957.399387,1.204387,2.08182652,4.36309415,1.5811411,1.29815672,3.73045957,1.58106288,1.0
2435957.404512,1.203279,2.08179134,4.36311136,1.58114309,1.29817549,3.73040784,1.58106486,1.0
2435957.409554,1.202171,2.08175673,4.3631283,1.58114505,1.29819396,3.73035696,1.58106681,1.0
2435957.420763,1.119866,2.08167979,4.36316594,1.5811494,1.29823504,3.73024388,1.58107114,1.0
2435957.425888,1.174806,2.08164461,4.36318316,1.58115139,1.29825384,3.73019217,1.58107313,1.0
2435957.430513,1.125035,2.08161286,4.36319869,1.58115318,1.29827081,3.73014552,1.58107491,1.0
2435957.4352220003,1.096393,2.08158053,4.36321451,1.58115501,1.29828809,3.73009802,1.58107673,1.0
2435957.439431,1.0251,2.08155164,4.36322864,1.58115664,1.29830353,3.73005558,1.58107836,1.0
2435957.4450560003,1.017575,2.08151303,4.36324753,1.58115882,1.29832418,3.72999885,1.58108053,1.0
2435957.449848,0.9735679,2.08148013,4.36326362,1.58116068,1.29834178,3.72995053,1.58108239,1.0
2435957.455848,0.862117,2.08143894,4.36328377,1.58116301,1.29836383,3.72989003,1.58108471,1.0
2435957.462432,0.8645025,2.08139375,4.36330588,1.58116556,1.29838802,3.72982366,1.58108725,1.0
2435957.468849,0.7877098000000001,2.08134969,4.36332743,1.58116805,1.29841161,3.72975897,1.58108973,1.0
2435957.474682,0.6892333,2.08130965,4.36334702,1.58117031,1.29843307,3.72970017,1.58109198,1.0
2435957.478265,0.6120209,2.08128505,4.36335905,1.5811716999999998,1.29844625,3.72966406,1.58109337,1.0
2435989.401033,1.160499,1.85985229,4.46551109,1.5917436000000005,1.50938349,3.51404525,1.59163315,1.0
2435989.40545,1.188627,1.85982135,4.46552452,1.59174481,1.50942262,3.51403213,1.59163436,1.0
2435989.413908,1.227573,1.85976209,4.46555024,1.59174713,1.50949755,3.51400704,1.59163667,1.0
2435989.416742,1.174486,1.85974224,4.46555886,1.59174791,1.50952266,3.51399863,1.59163745,1.0
2435989.4222830003,1.164794,1.85970342,4.46557571,1.59174943,1.50957175,3.51398221,1.59163896,1.0
2435989.425867,1.150932,1.85967831,4.46558661,1.59175041,1.50960351,3.51397159,1.59163994,1.0
2435989.430825,1.177743,1.85964358,4.46560168,1.59175177,1.50964744,3.5139569,1.5916413,1.0
2435989.433908,1.148818,1.85962198,4.46561106,1.59175261,1.50967476,3.51394777,1.59164214,1.0
2435989.437158,1.119572,1.85959921,4.46562094,1.5917535,1.50970356,3.51393815,1.59164303,1.0
2435989.43995,1.17992,1.85957965,4.46562943,1.59175427,1.5097283,3.51392989,1.5916438,1.0
2435989.4427830004,1.123707,1.8595598,4.46563804,1.59175505,1.5097534,3.51392151,1.59164457,1.0
2435989.449117,1.128898,1.85951543,4.465657299999998,1.59175678,1.50980954,3.51390278,1.59164631,1.0
2435989.46595,0.976918,1.85939749,4.46570848,1.5917614,1.50995874,3.51385304,1.59165091,1.0
2435989.4682,0.9243969,1.85938173,4.46571532,1.59176201,1.50997868,3.5138464,1.59165153,1.0
2435989.471742,0.8975514000000001,1.85935692,4.46572609,1.59176298,1.51001008,3.51383595,1.59165249,1.0
2435989.475825,0.8430629999999999,1.85932831,4.46573851,1.5917641000000002,1.51004627,3.5138239,1.59165361,1.0
2435989.479908,0.778863,1.8592997,4.46575092,1.59176522,1.51008247,3.51381186,1.59165473,1.0
2435989.4842,0.7653533,1.85926963,4.46576397,1.5917663999999998,1.51012052,3.51379921,1.5916559,1.0
2435989.48795,0.6865346999999999,1.85924336,4.46577537,1.59176742,1.51015377,3.51378816,1.59165693,1.0
2435989.493492,0.6568463999999999,1.85920453,4.46579222,1.59176894,1.51020291,3.51377183,1.59165844,1.0
2435989.497492,0.6221063,1.85917651,4.46580438,1.59177004,1.51023838,3.51376005,1.59165954,1.0
2435989.500742,0.6307617,1.85915374,4.46581426,1.59177093,1.5102672,3.51375049,1.59166042,1.0
2435989.503949,0.6808725999999999,1.85913126,4.46582401,1.59177181,1.51029565,3.51374105,1.5916613000000002,1.0
2435989.506782,0.6890748999999999,1.85911141,4.46583262,1.59177258,1.51032077,3.51373271,1.59166208,1.0
2435989.510616,0.7302430999999999,1.85908455,4.46584428,1.59177363,1.51035477,3.51372143,1.59166312,1.0
2435989.514907,0.7541685,1.85905449,4.46585732,1.59177481,1.51039283,3.51370882,1.5916643,1.0
2435989.518491,0.7788775,1.85902938,4.46586822,1.59177579,1.51042461,3.51369828,1.59166528,1.0
2435989.524116,0.8299849,1.85898997,4.46588532,1.59177733,1.5104745000000002,3.51368176,1.59166681,1.0
2435989.5314490004,0.9841737,1.85893859,4.46590761,1.59177934,1.51053955,3.51366023,1.59166882,1.0
2435989.533907,1.032458,1.85892137,4.46591508,1.59178001,1.51056135,3.51365301,1.59166949,1.0
2435989.538741,1.064323,1.8588875,4.46592978,1.59178134,1.51060423,3.51363883,1.59167081,1.0
2435989.541241,1.090119,1.85886999,4.46593737,1.59178202,1.51062641,3.5136315,1.59167149,1.0
2435989.548116,1.126874,1.85882182,4.46595827,1.5917839,1.5106874,3.51361134,1.59167337,1.0
2435989.553366,1.132078,1.85878503,4.46597423,1.59178534,1.51073398,3.51359596,1.59167481,1.0
2435989.562324,1.265547,1.85872227,4.46600146,1.59178779,1.51081347,3.51356973,1.59167725,1.0
2435989.567782,1.2504879999999998,1.85868403,4.46601805,1.59178928,1.5108619,3.51355375,1.59167874,1.0
2435989.571532,1.224279,1.85865776,4.46602945,1.59179031,1.51089518,3.51354278,1.59167977,1.0
2435989.576574,1.237888,1.85862243,4.46604477,1.59179169,1.51093992,3.51352804,1.59168115,1.0
2435989.581157,1.195315,1.85859032,4.4660587,1.59179294,1.5109806,3.51351465,1.5916823999999998,1.0
2435989.589782,1.20527,1.85852989,4.46608491,1.5917953,1.51105715,3.51348945,1.59168475,1.0
2435990.311153,1.241544,1.85347448,4.4682747,1.59199174,1.51748434,3.51145085,1.59188082,1.0
2435990.318737,1.291701,1.85342132,4.4682977,1.5919938,1.51755217,3.51143014,1.59188287,1.0
2435990.326195,1.048968,1.85336904,4.46832031,1.59199582,1.51761887,3.51140979,1.59188488,1.0
2435990.33257,0.9843786,1.85332435,4.46833964,1.59199755,1.5176758999999995,3.51139241,1.59188661,1.0
2435990.34082,0.8455944,1.85326653,4.46836465,1.59199978,1.51774969,3.51136992,1.59188884,1.0
2435990.347112,0.7964566999999999,1.85322242,4.46838372,1.59200149,1.51780598,3.51135279,1.59189054,1.0
2435990.354445,0.7304023000000001,1.85317102,4.46840595,1.59200347,1.51787159,3.51133283,1.59189252,1.0
2435990.358112,0.7290581,1.85314531,4.46841707,1.59200447,1.5179044,3.51132286,1.59189351,1.0
2435990.365862,0.7059308000000001,1.85309099,4.46844056,1.59200657,1.51797374,3.51130179,1.59189561,1.0
2435990.37132,0.7337736999999999,1.85305273,4.46845711,1.59200804,1.51802258,3.51128696,1.59189709,1.0
2435990.376945,0.7704814,1.8530133,4.46847416,1.59200957,1.51807291,3.51127169,1.59189861,1.0
2435990.383153,0.8708877,1.85296978,4.46849298,1.59201125,1.51812847,3.51125484,1.59190028,1.0
2435990.385778,0.9409405,1.85295138,4.46850094,1.59201196,1.51815196,3.51124772,1.59190099,1.0
2435990.388362,0.9753537,1.85293327,4.46850877,1.59201266,1.51817509,3.51124071,1.59190169,1.0
2435990.391487,1.014757,1.85291136,4.46851824,1.5920135,1.51820306,3.51123224,1.59190254,1.0
2435990.393569,1.086331,1.85289676,4.46852455,1.59201407,1.5182216999999998,3.5112266000000005,1.5919031,1.0
2435990.4009020003,1.116766,1.85284536,4.46854678,1.59201605,1.51828734,3.51120673,1.59190508,1.0
2435990.411152,1.300056,1.85277351,4.46857785,1.59201883,1.51837909,3.51117898,1.59190785,1.0
2435990.413736,1.341411,1.85275539,4.46858568,1.59201953,1.51840222,3.51117199,1.59190855,1.0
2435990.418277,1.338943,1.85272356,4.46859944,1.59202076,1.51844288,3.51115971,1.59190977,1.0
2435990.466736,1.0557530000000002,1.85238386,4.46874631,1.59203387,1.51887682,3.511029,1.59192286,1.0
2435990.472444,1.288137,1.85234385,4.4687636,1.59203541,1.51892795,3.51101364,1.5919244,1.0
2435990.475736,1.187852,1.85232077,4.46877358,1.5920363000000002,1.51895744,3.51100479,1.59192529,1.0
2435990.480444,1.1075469999999998,1.85228776,4.46878785,1.59203757,1.51899961,3.51099213,1.59192656,1.0
2435990.486902,0.9478991,1.85224249,4.46880742,1.59203932,1.51905747,3.51097478,1.5919283000000002,1.0
2435990.496069,0.7811999,1.85217823,4.46883519,1.5920418,1.5191396,3.51095017,1.59193078,1.0
2435990.5017770003,0.7111515,1.85213821,4.46885249,1.59204334,1.51919074,3.51093486,1.59193232,1.0
2435990.544027,1.056725,1.85184202,4.4689805,1.59205476,1.51956939,3.51082178,1.59194372,1.0
2438795.604799,0.964727,2.69280406,-4.11817486,-1.03600564,1.98877435,-3.42803199,-1.03594593,1.0
2438795.611924,0.9808662,2.69284988,-4.1181471,-1.0359924,1.98873238,-3.4280922,-1.0359327,1.0
2438795.617424,0.9908643,2.69288524,-4.11812568,-1.03598217,1.98869999,-3.42813869,-1.03592248,1.0
2438795.622758,1.000042,2.69291954,-4.1181049,-1.03597226,1.98866859,-3.42818378,-1.03591257,1.0
2438795.630216,1.013967,2.69296749,-4.11807584,-1.0359584000000002,1.98862469,-3.42824684,-1.03589872,1.0
2438795.635382,1.034732,2.69300071,-4.11805571,-1.03594879,1.98859428,-3.42829053,-1.03588912,1.0
2438795.642257,1.029042,2.69304492,-4.11802892,-1.03593601,1.98855383,-3.42834867,-1.03587635,1.0
2438795.6480900003,1.037619,2.69308242,-4.118006200000001,-1.03592517,1.98851952,-3.42839801,-1.03586552,1.0
2438795.658423,1.038594,2.69314886,-4.11796594,-1.03590596,1.98845875,-3.42848543,-1.03584633,1.0
2438795.664257,1.04052,2.69318637,-4.11794321,-1.03589512,1.98842445,-3.4285348,-1.03583549,1.0
2438795.670007,1.046297,2.69322334,-4.1179208,-1.03588443,1.98839065,-3.42858346,-1.03582481,1.0
2438795.675507,1.041499,2.6932587000000003,-4.11789937,-1.03587421,1.98835833,-3.42863002,-1.03581459,1.0
2438795.680589,1.032911,2.69329138,-4.11787957,-1.03586476,1.98832847,-3.42867305,-1.03580515,1.0
2438795.709506,0.9747322,2.6934773,-4.11776689,-1.03581101,1.98815867,-3.42891794,-1.03575143,1.0
2438795.714922,0.9738444,2.69351212,-4.11774578,-1.03580094,1.98812689,-3.42896382,-1.03574137,1.0
2438795.720756,0.9473144,2.69354963,-4.11772305,-1.03579009,1.98809266,-3.42901326,-1.03573053,1.0
2438795.729546,0.9729735,2.69360615,-4.11768879,-1.03577375,1.9880411,-3.42908776,-1.0357142,1.0
2438795.740838,0.9517215,2.69367874,-4.11764478,-1.03575276,1.98797489,-3.42918348,-1.03569322,1.0
2438795.746671,0.9438748,2.69371625,-4.11762205,-1.03574191,1.9879407,-3.42923294,-1.03568239,1.0
2438795.756421,0.9685497,2.69377893,-4.11758406,-1.03572379,1.98788356,-3.42931562,-1.03566427,1.0
2438795.766046,0.9748311,2.69384081,-4.11754654,-1.0357059000000002,1.98782718,-3.42939726,-1.03564639,1.0
2438795.77113,0.9856746,2.69387349,-4.11752673,-1.03569644,1.98779741,-3.42944039,-1.03563695,1.0
2438795.776962,0.9993967,2.69391099,-4.117504,-1.0356856,1.98776325,-3.42948988,-1.03562611,1.0
2438795.782837,1.017988,2.69394876,-4.1174811,-1.03567468,1.98772886,-3.42953974,-1.0356152,1.0
2438795.787545,1.02931,2.69397903,-4.11746275,-1.03566592,1.98770131,-3.4295797,-1.03560645,1.0
2438795.792754,1.018944,2.69401251,-4.11744245,-1.03565624,1.98767082,-3.42962391,-1.03559677,1.0
2438795.802129,1.033137,2.69407278,-4.11740591,-1.03563881,1.98761598,-3.4297035000000005,-1.03557935,1.0
2438795.81417,1.033159,2.69415019,-4.11735897,-1.03561642,1.98754556,-3.42980575,-1.03555698,1.0
2438795.819503,1.029369,2.69418448,-4.11733818,-1.03560651,1.98751438,-3.42985105,-1.03554707,1.0
2438795.831086,1.014333,2.69425894,-4.11729303,-1.03558497,1.98744668,-3.42994945,-1.03552555,1.0
2438795.839544,0.9940017,2.69431332,-4.11726007,-1.03556925,1.98739727,-3.43002132,-1.03550984,1.0
2438795.845586,0.9921829,2.69435216,-4.11723651,-1.03555801,1.98736198,-3.43007267,-1.03549861,1.0
2438795.851169,0.9776789,2.69438805,-4.11721475,-1.03554763,1.98732938,-3.43012013,-1.03548824,1.0
2438795.856753,0.9624999,2.69442394,-4.11719298,-1.03553725,1.98729678,-3.4301676,-1.03547786,1.0
2438795.862585,0.9572055,2.69446144,-4.11717024,-1.03552641,1.98726273,-3.43021719,-1.03546703,1.0
2438795.869543,0.9528196,2.69450617,-4.11714312,-1.03551347,1.98722213,-3.43027636,-1.0354541,1.0
2438795.87421,0.9598743,2.69453617,-4.11712493,-1.03550479,1.9871949,-3.43031605,-1.03544543,1.0
2438795.88071,0.9616551,2.69457795,-4.11709959,-1.0354927,1.98715698,-3.43037133,-1.03543335,1.0
2438795.885877,0.9510942,2.69461116,-4.11707944,-1.0354831,1.98712685,-3.43041529,-1.03542375,1.0
2438795.89071,0.9643338,2.69464223,-4.1170606,-1.03547411,1.98709867,-3.43045641,-1.03541477,1.0
2438795.894793,0.9581435,2.69466848,-4.11704468,-1.03546652,1.98707486,-3.43049115,-1.03540718,1.0
2438795.89996,0.9555088,2.69470169,-4.11702454,-1.03545691,1.98704474,-3.43053512,-1.03539758,1.0
2438795.904668,0.9904634,2.69473196,-4.11700619,-1.03544816,1.9870173,-3.43057519,-1.03538883,1.0
2438795.909417,0.9959605,2.69476249,-4.11698767,-1.03543933,1.98698963,-3.43061562,-1.03538001,1.0
2438795.914251,0.9968869,2.69479356,-4.11696882,-1.03543034,1.98696146,-3.43065677,-1.03537102,1.0
2438795.920459,1.01263,2.69483347,-4.11694462,-1.03541879,1.9869253,-3.43070962,-1.03535949,1.0
2438795.926459,1.0448540000000002,2.69487203,-4.11692122,-1.03540764,1.98689036,-3.43076071,-1.03534834,1.0
2438795.931542,1.044863,2.69490471,-4.11690141,-1.03539819,1.98686077,-3.430804,-1.03533889,1.0
2438795.937209,1.030538,2.69494113,-4.11687931,-1.03538765,1.98682778,-3.43085227,-1.03532836,1.0
2438795.942792,1.03817,2.69497702,-4.11685754,-1.03537727,1.98679529,-3.43089983,-1.03531799,1.0
2438795.947792,1.031508,2.69500916,-4.11683805,-1.03536797,1.98676619,-3.43094242,-1.0353087,1.0
2438795.952376,1.043941,2.69503862,-4.11682017,-1.03535944,1.98673952,-3.43098148,-1.03530018,1.0
2438795.95675,1.046838,2.69506675,-4.11680312,-1.03535131,1.98671407,-3.43101876,-1.03529205,1.0
2438795.9658330004,1.015516,2.69512513,-4.1167677000000005,-1.03533442,1.98666125,-3.43109617,-1.03527517,1.0
2439556.679399,1.16957,4.90439212,0.72134346,0.70741202,3.9400146,0.95518804,0.70742721,1.0
2439556.684816,1.141874,4.90438501,0.72138326,0.70742388,3.93998402,0.95513693,0.70743906,1.0
2439556.688191,1.14502,4.90438058,0.72140807,0.70743128,3.93996496,0.95510508,0.70744645,1.0
2439556.692608,1.08145,4.90437478,0.72144053,0.70744095,3.93994003,0.9550634,0.70745611,1.0
2439556.6969830003,1.128235,4.90436904,0.72147268,0.70745053,3.93991534,0.95502211,0.70746569,1.0
2439556.7014,1.136562,4.90436324,0.72150514,0.70746021,3.93989042,0.95498042,0.70747536,1.0
2439556.706067,1.037495,4.90435712,0.72153943,0.70747043,3.9398641,0.95493638,0.70748557,1.0
2439556.711401,0.9926082,4.90435012,0.72157862,0.70748211,3.93983402,0.95488603,0.70749724,1.0
2439556.716067,0.9807786,4.90434399,0.72161291,0.70749233,3.93980771,0.95484199,0.70750746,1.0
2439556.721401,0.9593186,4.90433699,0.72165211,0.70750401,3.93977765,0.95479164,0.70751913,1.0
2439556.725442,0.9127602,4.90433168,0.72168181,0.70751286,3.93975488,0.95475349,0.70752798,1.0
2439556.729359,0.913589,4.90432654,0.72171059,0.70752144,3.93973281,0.95471652,0.70753655,1.0
2439556.733818,0.8813412,4.90432068,0.72174335,0.7075312,3.939707700000001,0.95467443,0.7075463000000001,1.0
2439556.737985,0.850233,4.90431521,0.72177398,0.70754033,3.93968423,0.95463509,0.70755542,1.0
2439556.742277,0.8187123000000001,4.90430958,0.72180552,0.70754973,3.93966006,0.95459457,0.70756482,1.0
2439556.745485,0.8370021000000001,4.90430536,0.72182909,0.70755676,3.939642,0.95456428,0.70757184,1.0
2439556.749777,0.8470714,4.90429973,0.72186063,0.70756616,3.93961785,0.95452376,0.70758123,1.0
2439556.754611,0.8439426999999999,4.90429338,0.72189615,0.70757674,3.93959065,0.95447813,0.70759181,1.0
2439556.759861,0.8096643,4.90428648,0.72193473,0.70758824,3.93956112,0.95442856,0.7076033,1.0
2439556.7623610003,0.8804429,4.9042832,0.7219531,0.70759372,3.93954706,0.95440495,0.70760877,1.0
2439556.765986,0.8763864,4.90427844,0.72197974,0.70760166,3.93952667,0.95437072,0.70761671,1.0
2439556.772403,0.9159803,4.90427001,0.7220269,0.70761571,3.93949059,0.95431013,0.70763075,1.0
2439556.781029,0.9600041,4.90425868,0.72209028,0.7076346,3.93944212,0.95422867,0.70764963,1.0
2439556.784362,0.9814497,4.9042543,0.72211477,0.7076418999999999,3.93942339,0.9541972,0.70765692,1.0
2439556.791362,1.018257,4.90424511,0.72216621,0.70765723,3.93938407,0.95413109,0.70767224,1.0
2439556.797737,1.116472,4.90423673,0.72221306,0.70767119,3.93934827,0.95407088,0.70768619,1.0
2439556.80353,1.074087,4.90422912,0.72225562,0.70768388,3.93931576,0.95401617,0.70769887,1.0
2439556.806655,1.121591,4.90422502,0.72227859,0.70769072,3.93929822,0.95398665,0.70770571,1.0
2439556.81128,1.104149,4.90421894,0.72231258,0.70770085,3.93927227,0.95394296,0.70771583,1.0
2439556.81578,1.120523,4.90421303,0.72234564,0.7077107,3.93924702,0.95390046,0.70772568,1.0
2439556.82003,1.120507,4.90420744,0.72237688,0.70772001,3.93922319,0.95386031,0.70773498,1.0
2439556.8282810003,1.075975,4.9041966,0.7224375,0.70773808,3.93917693,0.95378237,0.70775303,1.0
2439556.832239,1.101022,4.9041914,0.72246659,0.70774675,3.93915475,0.95374498,0.70776169,1.0
2439556.840197,1.100992,4.90418094,0.72252507,0.70776418,3.93911015,0.95366979,0.70777911,1.0
2439556.847864,1.019935,4.90417086,0.72258141,0.70778097,3.93906721,0.95359735,0.70779589,1.0
2439556.851073,1.063084,4.90416664,0.72260498,0.70778799,3.93904924,0.95356704,0.70780291,1.0
2439556.855282,0.9884654,4.90416111,0.72263591,0.70779721,3.93902568,0.95352727,0.70781212,1.0
2439556.859282,1.004976,4.90415585,0.72266531,0.70780597,3.93900329,0.95348947,0.70782087,1.0
2439556.863157,0.9838974,4.90415076,0.72269378,0.70781446,3.9389816,0.95345285,0.70782935,1.0
2439556.866157,0.9500474,4.90414682,0.72271583,0.70782103,3.93896481,0.9534245,0.70783592,1.0
2439556.871407,0.9114593,4.90413991,0.72275441,0.70783252,3.93893544,0.95337489,0.70784741,1.0
2439556.8754080003,0.8882421999999999,4.90413466,0.7227838000000001,0.70784128,3.93891307,0.95333709,0.70785616,1.0
2439556.879699,0.8906866,4.90412901,0.72281533,0.70785068,3.93888908,0.95329653,0.70786555,1.0
2439556.883783,0.8760294,4.90412364,0.72284535,0.70785962,3.93886624,0.95325793,0.70787449,1.0
2439556.887408,0.8989043999999999,4.90411888,0.72287198,0.70786756,3.93884598,0.95322367,0.70788242,1.0
2439556.8912830004,0.8568556,4.90411378,0.72290046,0.70787605,3.93882432,0.95318705,0.7078909000000001,1.0
2439556.895824,0.873576,4.90410781,0.72293383,0.70788599,3.93879895,0.95314413,0.70790084,1.0
2439556.900575,0.8824571,4.90410157,0.72296873,0.70789639,3.93877242,0.95309923,0.70791123,1.0
2439556.904825,0.8881522,4.90409598,0.72299996,0.7079057,3.93874868,0.95305905,0.70792054,1.0
2439556.908784,0.8623453999999999,4.90409077,0.72302906,0.70791437,3.93872658,0.95302163,0.7079291999999999,1.0
2439556.912409,0.9274191,4.904086,0.7230557,0.70792231,3.93870634,0.95298736,0.70793713,1.0
2439556.917075,0.9189014,4.90407987,0.72308998,0.70793253,3.9386803,0.95294325,0.70794734,1.0
2439556.922659,0.9282407,4.90407252,0.72313102,0.70794476,3.93864914,0.95289046,0.70795956,1.0
2439556.925076,0.9836873,4.90406934,0.72314877,0.70795005,3.93863566,0.95286762,0.70796485,1.0
2439556.93241,1.002873,4.9040597,0.72320266,0.70796611,3.93859475,0.95279828,0.7079809,1.0
2439556.940701,1.0666790000000002,4.90404879,0.72326359,0.70798426,3.93854853,0.95271989,0.70799904,1.0
2439556.94641,1.158844,4.90404128,0.72330554,0.70799677,3.93851671,0.95266591,0.70801153,1.0
2439556.955536,1.121015,4.90402928,0.7233725999999999,0.70801675,3.93846587,0.95257962,0.7080314999999999,1.0
2439556.964702,1.15451,4.90401722,0.72343995,0.70803682,3.93841483,0.95249294,0.70805156,1.0
2439556.968036,1.160894,4.90401283,0.72346445,0.70804412,3.93839627,0.95246141,0.70805885,1.0
2439556.971495,1.154483,4.90400828,0.72348986,0.70805169,3.93837702,0.95242871,0.70806642,1.0
2439556.97562,1.123004,4.90400285,0.72352017,0.70806073,3.93835406,0.95238969,0.70807545,1.0
2439556.979245,1.121957,4.90399808,0.72354681,0.70806866,3.9383339,0.95235541,0.70808338,1.0
2439556.98512,1.132315,4.90399035,0.72358998,0.70808153,3.93830122,0.95229984,0.70809624,1.0
2439556.98912,1.061601,4.90398509,0.72361937,0.70809029,3.93827897,0.95226201,0.70810499,1.0
2439556.993578,1.058655,4.90397922,0.72365213,0.70810005,3.93825418,0.95221984,0.70811474,1.0
2439556.997204,1.03074,4.90397445,0.72367877,0.70810799,3.93823403,0.95218555,0.70812268,1.0
2439975.610792,1.195133,3.41909843,3.45164417,1.42351688,2.63959755,2.81373707,1.42345718,1.0
2439975.615958,1.208415,3.41906995,3.4516713,1.42352266,2.63962392,2.81369509,1.42346295,1.0
2439975.620167,1.203971,3.41904675,3.45169341,1.42352736,2.6396454,2.8136609,1.42346765,1.0
2439975.625667,1.280608,3.41901642,3.4517223,1.42353351,2.63967347,2.81361621,1.42347379,1.0
2439975.629292,1.2900790000000002,3.41899644,3.45174134,1.42353756,2.63969198,2.81358677,1.42347784,1.0
2439975.633875,1.317699,3.41897117,3.45176542,1.42354269,2.63971539,2.81354954,1.42348295,1.0
2439975.638917,1.310437,3.41894337,3.4517919000000004,1.42354832,2.63974114,2.81350859,1.42348858,1.0
2439975.6420830004,1.339727,3.41892591,3.45180853,1.42355186,2.63975731,2.81348288,1.42349212,1.0
2439975.648208,1.318913,3.41889214,3.4518407,1.42355871,2.63978861,2.81343315,1.42349896,1.0
2439975.652292,1.329891,3.41886963,3.45186215,1.42356327,2.63980948,2.81339999,1.42350352,1.0
2439975.655875,1.306821,3.41884987,3.45188097,1.42356728,2.6398278,2.8133709,1.42350752,1.0
2439975.658208,1.248005,3.41883701,3.45189322,1.42356989,2.63983973,2.81335196,1.42351013,1.0
2439975.661083,1.259552,3.41882115,3.45190832,1.4235731000000005,2.63985443,2.81332862,1.42351334,1.0
2439975.6643330003,1.210643,3.41880323,3.45192539,1.42357673,2.63987104,2.81330224,1.42351696,1.0
2439975.667667,1.189642,3.41878485,3.4519429,1.42358046,2.63988809,2.81327518,1.42352069,1.0
2439975.673625,1.116391,3.418752,3.4519742,1.42358712,2.63991857,2.81322683,1.42352734,1.0
2439975.675958,1.096014,3.41873914,3.45198645,1.42358973,2.63993051,2.8132079,1.42352994,1.0
2439975.679042,1.049582,3.41872213,3.45200265,1.42359317,2.63994629,2.81318287,1.42353339,1.0
2439975.683668,0.993153,3.41869663,3.45202694,1.42359834,2.63996996,2.81314535,1.42353855,1.0
2439975.687501,0.9537097,3.4186754999999995,3.45204707,1.42360263,2.63998958,2.81311425,1.42354283,1.0
2439975.691793,0.8900536,3.41865183,3.45206961,1.42360742,2.64001155,2.81307943,1.42354762,1.0
2439975.695043,0.8570698,3.41863391,3.45208668,1.42361105,2.64002819,2.81305307,1.42355125,1.0
2439975.699793,0.7903441,3.41860772,3.45211163,1.42361636,2.64005251,2.81301454,1.42355656,1.0
2439975.704584,0.7540779000000001,3.4185813,3.45213679,1.42362172,2.64007705,2.81297569,1.4235619,1.0
2439975.708251,0.6714538000000001,3.41856108,3.45215605,1.42362582,2.64009584,2.81294595,1.423566,1.0
2439975.712543,0.6312714,3.41853741,3.45217859,1.42363061,2.64011783,2.81291115,1.42357079,1.0
2439975.716459,0.5699229,3.41851582,3.45219916,1.42363499,2.6401379,2.8128794,1.42357516,1.0
2439975.720209,0.5318831,3.41849514,3.45221885,1.42363918,2.64015712,2.8128490000000004,1.42357935,1.0
2439975.724584,0.5343380999999999,3.41847102,3.45224183,1.42364407,2.64017955,2.81281353,1.42358423,1.0
2439975.729084,0.5978829999999999,3.4184462,3.45226546,1.4236491000000002,2.64020262,2.81277705,1.42358926,1.0
2439975.732209,0.6877272,3.41842897,3.45228188,1.42365259,2.64021865,2.81275173,1.42359275,1.0
2439975.735793,0.7533837,3.41840921,3.4523007000000003,1.42365659,2.64023703,2.81272268,1.42359675,1.0
2439975.739043,0.8531318000000001,3.41839129,3.45231777,1.42366023,2.6402537,2.81269634,1.42360037,1.0
2439975.742834,0.9016046999999998,3.41837038,3.45233767,1.42366446,2.64027315,2.81266562,1.42360461,1.0
2439975.747168,0.9714404,3.41834648,3.45236044,1.42366931,2.64029539,2.81263051,1.42360945,1.0
2439975.751001,1.029476,3.41832535,3.45238056,1.42367359,2.64031507,2.81259945,1.42361372,1.0
2439975.754543,1.102088,3.41830581,3.45239917,1.42367755,2.64033325,2.81257076,1.42361768,1.0
2439975.759126,1.146611,3.41828054,3.45242323,1.42368267,2.64035678,2.81253364,1.42362279,1.0
2439975.765418,1.2162309999999998,3.41824584,3.45245628,1.4236897,2.64038909,2.81248268,1.42362982,1.0
2439975.768418,1.235424,3.4182293,3.45247203,1.42369305,2.64040449,2.81245838,1.42363317,1.0
2439975.772001,1.261875,3.41820954,3.45249085,1.42369705,2.6404229,2.81242937,1.42363717,1.0
2439975.776127,1.282969,3.41818679,3.45251251,1.42370166,2.64044409,2.81239596,1.42364177,1.0
2439975.78196,1.325001,3.41815463,3.45254314,1.42370818,2.64047407,2.81234874,1.42364828,1.0
2439975.784585,1.343433,3.41814015,3.45255693,1.42371111,2.64048756,2.81232749,1.42365121,1.0
2439975.788752,1.343433,3.41811717,3.45257881,1.42371577,2.64050898,2.81229376,1.42365586,1.0
2439975.793585,1.327444,3.41809052,3.45260419,1.42372117,2.64053383,2.81225464,1.42366126,1.0
2439975.798877,1.320128,3.41806134,3.45263198,1.42372708,2.64056104,2.81221181,1.42366716,1.0
2439975.801877,1.291267,3.41804479,3.45264773,1.42373043,2.64057647,2.81218753,1.42367051,1.0
2439975.805919,1.286519,3.4180225,3.45266896,1.42373495,2.64059727,2.81215482,1.42367502,1.0
2439975.810252,1.257234,3.4179986000000007,3.45269171,1.42373979,2.64061956,2.81211976,1.42367986,1.0
2439975.815544,1.208415,3.41796942,3.4527195,1.4237457,2.64064679,2.81207695,1.42368577,1.0
2439975.820877,1.144501,3.41794001,3.4527475,1.42375166,2.64067425,2.81203381,1.42369172,1.0
2439975.823794,1.11948,3.41792392,3.45276282,1.42375492,2.64068926,2.81201021,1.42369497,1.0
2439975.827419,1.046685,3.41790393,3.45278185,1.42375897,2.64070793,2.81198089,1.42369902,1.0
2439975.830585,1.006969,3.41788647,3.45279848,1.42376251,2.64072423,2.81195529,1.42370255,1.0
2439975.833419,0.9651974,3.41787084,3.45281336,1.42376567,2.64073883,2.81193237,1.42370572,1.0
2439975.839377,0.8697936,3.41783798,3.45284465,1.42377233,2.64076952,2.81188419,1.42371237,1.0
2439975.84396,0.8253082,3.4178127000000003,3.45286871,1.42377745,2.64079313,2.81184714,1.42371748,1.0
2439975.849252,0.7519971,3.41778352,3.4528965,1.42378336,2.6408204,2.81180435,1.42372339,1.0
2439975.853252,0.7096041000000001,3.41776146,3.4529175000000003,1.42378783,2.64084102,2.81177202,1.42372785,1.0
2439975.855585,0.6382871999999999,3.41774859,3.45292975,1.42379044,2.64085305,2.81175316,1.42373045,1.0
2439975.86146,0.6000897,3.41771619,3.4529606,1.423797,2.64088334,2.81170568,1.42373701,1.0
2439975.864377,0.5462811,3.4177001,3.45297592,1.42380026,2.64089838,2.81168211,1.42374027,1.0
2439975.867335,0.5135895,3.41768379,3.45299145,1.42380356,2.64091364,2.8116582,1.42374357,1.0
2439975.871003,0.5018988,3.41766356,3.4530107000000005,1.42380766,2.64093256,2.81162857,1.42374766,1.0
2439975.875336,0.5688741,3.41763966,3.45303345,1.4238125,2.64095491,2.81159356,1.42375249,1.0
2439975.877878,0.6424158,3.41762564,3.4530468,1.42381534,2.64096803,2.81157302,1.42375533,1.0
2439975.881878,0.7063439,3.41760358,3.4530678,1.42381981,2.64098867,2.81154071,1.42375979,1.0
2439975.885378,0.7823770999999999,3.41758428,3.45308618,1.42382371,2.64100674,2.81151244,1.4237637,1.0
2439975.887461,0.8429778,3.41757279,3.45309712,1.42382604,2.64101749,2.81149561,1.42376602,1.0
2439975.891753,0.8999454,3.41754912,3.45311965,1.42383084,2.64103965,2.81146095,1.42377081,1.0
2439975.893836,0.9634212,3.41753763,3.45313059,1.42383316,2.6410504,2.81144413,1.42377314,1.0
2439975.898003,1.002343,3.41751464,3.45315247,1.42383782,2.64107192,2.81141047,1.42377779,1.0
2439975.902128,1.065163,3.41749189,3.45317413,1.42384242,2.64109323,2.81137717,1.42378239,1.0
2439977.490017,1.083804,3.40872452,3.46150061,1.42561175,2.64956719,2.7987823,1.42554997,1.0
2439977.493434,1.13488,3.40870563,3.46151851,1.42561555,2.64958601,2.79875569,1.42555377,1.0
2439977.497642,1.163454,3.40868237,3.46154054,1.42562023,2.64960918,2.79872292,1.42555844,1.0
2439977.500892,1.189455,3.40866441,3.46155757,1.42562384,2.64962709,2.79869762,1.42556205,1.0
2439977.505976,1.250106,3.40863631,3.46158419,1.42562949,2.64965509,2.79865804,1.42556769,1.0
2439977.50956,1.248953,3.4086165,3.46160296,1.42563348,2.64967484,2.79863015,1.42557167,1.0
2439977.511893,1.280399,3.4086036,3.46161518,1.42563607,2.64968769,2.79861199,1.42557426,1.0
2439977.516435,1.2768620000000002,3.40857849,3.46163896,1.42564112,2.64971272,2.79857663,1.42557931,1.0
2439977.519935,1.293431,3.40855915,3.46165729,1.42564501,2.64973202,2.7985494,1.4255832,1.0
2439977.525268,1.283931,3.40852967,3.46168522,1.42565094,2.64976142,2.7985079,1.42558912,1.0
2439977.52931,1.288667,3.40850732,3.46170639,1.42565543,2.64978371,2.79847645,1.42559361,1.0
2439977.534476,1.246635,3.40847877,3.46173345,1.42566117,2.6498122000000004,2.79843626,1.42559934,1.0
2439977.538143,1.212659,3.4084585,3.46175265,1.42566525,2.64983243,2.79840773,1.42560341,1.0
2439977.543726,1.185051,3.40842763,3.46178189,1.42567146,2.64986323,2.7983643,1.42560961,1.0
2439977.547685,1.134843,3.40840575,3.46180262,1.42567586,2.64988507,2.79833351,1.42561401,1.0
2439977.553101,1.102896,3.40837581,3.46183099,1.42568188,2.64991496,2.7982914,1.42562002,1.0
2439977.556351,1.0464870000000002,3.40835784,3.46184801,1.42568549,2.6499329,2.79826613,1.42562363,1.0
2439977.562685,0.9685726,3.40832283,3.46188118,1.42569253,2.64996787,2.79821688,1.42563067,1.0
2439977.565601,0.8931644,3.40830671,3.46189645,1.42569577,2.64998397,2.79819421,1.4256339,1.0
2439977.568976,0.8467023000000001,3.40828805,3.46191412,1.42569952,2.65000261,2.79816798,1.42563765,1.0
2439977.571976,0.8145729,3.40827147,3.46192983,1.42570285,2.65001918,2.79814466,1.42564098,1.0
2439977.575393,0.7665295,3.40825258,3.46194772,1.42570665,2.65003806,2.7981181,1.42564478,1.0
2439977.579518,0.7016621999999999,3.40822977,3.46196933,1.42571124,2.65006085,2.79808604,1.42564936,1.0
2439977.582101,0.6682324000000001,3.40821549,3.46198285,1.42571411,2.65007512,2.79806597,1.42565222,1.0
2439977.587351,0.5955606,3.40818647,3.46201035,1.42571994,2.65010413,2.79802518,1.42565805,1.0
2439977.591268,0.5361977,3.40816481,3.46203086,1.42572429,2.65012578,2.79799474,1.4256624,1.0
2439977.59581,0.4831965,3.4081397000000004,3.46205464,1.42572934,2.65015089,2.79795946,1.42566744,1.0
2439977.600018,0.4967326,3.40811644,3.46207668,1.42573402,2.65017416,2.79792677,1.42567212,1.0
2439977.605518,0.593911,3.40808603,3.46210548,1.42574013,2.65020457,2.79788406,1.42567822,1.0
2439977.608101,0.638147,3.40807175,3.4621190000000004,1.425743,2.65021886,2.797864,1.42568109,1.0
2439977.614893,0.7786084,3.40803421,3.46215457,1.42575055,2.65025643,2.79781125,1.42568863,1.0
2439977.618476,0.8396882999999999,3.4080144,3.46217333,1.42575453,2.65027626,2.79778343,1.42569261,1.0
2439977.620726,0.8568753,3.40800196,3.46218511,1.42575703,2.65028871,2.79776597,1.42569511,1.0
2439977.624685,0.9473634,3.40798007,3.46220584,1.42576143,2.65031062,2.79773523,1.4256995,1.0
2439977.627851,0.9802022,3.40796257,3.46222242,1.42576495,2.65032814,2.79771066,1.42570302,1.0
2439977.631685,1.036847,3.40794137,3.4622425000000003,1.42576921,2.65034937,2.7976809,1.42570727,1.0
2439977.634977,1.088714,3.40792317,3.46225973,1.42577287,2.65036759,2.79765535,1.42571092,1.0
2439977.637811,1.106912,3.40790751,3.46227457,1.42577601,2.65038328,2.79763336,1.42571407,1.0
2439977.640811,1.15269,3.40789092,3.46229028,1.42577935,2.65039989,2.79761008,1.4257174,1.0
2439977.644061,1.173037,3.40787295,3.4623072999999995,1.42578296,2.65041789,2.79758486,1.42572101,1.0
2439977.650436,1.246551,3.40783771,3.46234068,1.42579004,2.65045321,2.7975354,1.42572809,1.0
2439977.654519,1.269723,3.40781513,3.46236206,1.42579458,2.65047583,2.79750373,1.42573262,1.0
2439977.659602,1.285014,3.40778703,3.46238867,1.42580023,2.650504,2.7974643,1.42573826,1.0
2439977.661561,1.274404,3.4077762000000003,3.46239893,1.4258024,2.65051485,2.7974491,1.42574044,1.0
2439977.669144,1.280281,3.40773427,3.46243863,1.42581083,2.65055689,2.79739029,1.42574885,1.0
2439977.672977,1.243095,3.40771308,3.4624587,1.42581509,2.65057814,2.79736057,1.42575311,1.0
2439977.678311,1.243091,3.40768359,3.46248663,1.42582102,2.65060772,2.79731922,1.42575903,1.0
2439977.684477,1.205873,3.4076495,3.46251892,1.42582787,2.65064192,2.79727142,1.42576587,1.0
2439977.688352,1.167617,3.40762807,3.46253921,1.42583217,2.65066342,2.79724138,1.42577017,1.0
2439977.691602,1.133704,3.4076101000000003,3.46255622,1.42583578,2.65068145,2.79721619,1.42577378,1.0
2439977.694894,1.10179,3.4075919000000003,3.46257346,1.42583944,2.65069972,2.79719067,1.42577743,1.0
2439977.698311,1.070775,3.40757301,3.46259135,1.42584324,2.65071868,2.79716419,1.42578123,1.0
2439977.701727,1.014139,3.40755412,3.46260923,1.42584703,2.65073765,2.79713772,1.42578502,1.0
2439977.706019,0.94994,3.40753039,3.46263171,1.4258518,2.65076147,2.79710447,1.42578978,1.0
2439977.709477,0.9071842,3.40751127,3.46264981,1.42585564,2.65078067,2.79707768,1.42579362,1.0
2439977.712644,0.8671504999999999,3.40749376,3.46266639,1.42585916,2.65079826,2.79705314,1.42579713,1.0
2439977.716352,0.8092703,3.40747325,3.46268581,1.42586328,2.65081885,2.79702442,1.42580125,1.0
2439977.719769,0.7306220999999999,3.40745436,3.4627037000000005,1.42586707,2.65083783,2.79699795,1.42580504,1.0
2439977.724394,0.6718801999999999,3.40742879,3.46272791,1.42587221,2.65086352,2.79696213,1.42581017,1.0
2439977.728769,0.6082619,3.4074046,3.46275082,1.42587707,2.65088783,2.79692825,1.42581503,1.0
2439977.732311,0.5708076,3.40738501,3.46276936,1.42588101,2.65090751,2.79690083,1.42581896,1.0
2439977.738227,0.5003666,3.4073523,3.46280033,1.42588758,2.6509404,2.79685502,1.42582553,1.0
2439977.744811,0.537139,3.40731589,3.4628348,1.42589489,2.650977,2.79680405,1.42583283,1.0
2439977.749144,0.6287611,3.40729193,3.46285749,1.42589971,2.65100109,2.79677052,1.42583764,1.0
2439977.752894,0.6983683,3.4072712,3.46287712,1.42590387,2.65102195,2.79674149,1.4258418,1.0
2439977.7588110003,0.7944808000000001,3.40723848,3.4629081,1.42591044,2.65105486,2.7966957000000003,1.42584837,1.0
2439977.762436,0.8591763000000001,3.40721843,3.46292708,1.42591447,2.65107503,2.79666765,1.42585239,1.0
2439977.767562,0.9420655,3.40719009,3.46295391,1.42592016,2.65110355,2.796628,1.42585808,1.0
2439977.773228,1.015032,3.40715876,3.46298357,1.42592646,2.65113508,2.79658417,1.42586437,1.0
2439977.776312,1.081631,3.40714171,3.46299972,1.42592988,2.65115225,2.79656032,1.42586779,1.0
2439977.78027,1.112956,3.40711982,3.46302044,1.42593428,2.65117428,2.7965297,1.42587218,1.0
2439977.783812,1.156851,3.40710023,3.46303898,1.42593821,2.651194,2.79650231,1.42587611,1.0
2439977.786562,1.191452,3.40708503,3.46305338,1.42594127,2.65120932,2.79648104,1.42587916,1.0
2439977.791687,1.209137,3.40705669,3.46308021,1.42594696,2.65123786,2.79644141,1.42588485,1.0
2439977.79727,1.268452,3.40702581,3.46310943,1.42595316,2.65126896,2.79639825,1.42589104,1.0
2439977.802187,1.251045,3.40699862,3.46313517,1.42595862,2.65129635,2.79636024,1.4258965,1.0
2439977.80527,1.277827,3.40698157,3.46315131,1.42596205,2.65131353,2.79633641,1.42589992,1.0
2439977.81152,1.249887,3.40694701,3.46318403,1.42596899,2.65134837,2.7962881,1.42590686,1.0
2439977.813312,1.278999,3.4069371,3.46319341,1.42597098,2.65135836,2.79627425,1.42590884,1.0
2439977.818812,1.223683,3.40690669,3.4632222,1.42597709,2.65138902,2.79623175,1.42591495,1.0
2439977.823353,1.21023,3.40688157,3.46324597,1.42598213,2.65141434,2.79619667,1.42591998,1.0
2439977.82627,1.194723,3.40686544,3.46326124,1.42598537,2.65143061,2.79617413,1.42592322,1.0
2439977.829728,1.139899,3.40684632,3.46327935,1.42598921,2.6514499,2.79614742,1.42592706,1.0
2439977.836603,1.089593,3.4068083,3.46331533,1.42599684,2.65148825,2.79609431,1.42593469,1.0
2439977.840103,1.058921,3.40678894,3.46333366,1.42600073,2.65150778,2.79606728,1.42593857,1.0
2439977.844145,1.016864,3.40676659,3.46335481,1.42600522,2.65153034,2.79603606,1.42594305,1.0
2439977.847812,0.9481167,3.40674631,3.46337401,1.42600929,2.6515508,2.79600775,1.42594712,1.0
2439977.850145,0.9385586,3.40673341,3.46338622,1.42601188,2.65156383,2.79598973,1.42594971,1.0
2439977.855645,0.8543978000000001,3.40670299,3.46341501,1.42601799,2.65159453,2.79594727,1.42595581,1.0
2439977.858812,0.7799365,3.40668548,3.46343159,1.42602151,2.65161222,2.79592282,1.42595932,1.0
2439977.862062,0.742093,3.4066675,3.4634486000000004,1.42602512,2.65163037,2.79589773,1.42596293,1.0
2439977.865353,0.6843176999999999,3.4066492999999998,3.46346583,1.42602877,2.65164875,2.79587233,1.42596658,1.0
2443187.777544,1.000668,3.57289291,-3.4685900000000003,-0.74427569,2.76623287,-2.89905156,-0.74424059,1.0
2443187.784336,0.9609266,3.57292927,-3.46855484,-0.74426105,2.76619993,-2.89911229,-0.74422596,1.0
2443187.789378,0.971606,3.57295626,-3.46852873,-0.74425018,2.76617549,-2.89915738,-0.7442151,1.0
2443187.796336,0.982404,3.57299351,-3.46849271,-0.74423518,2.76614176,-2.89921961,-0.74420011,1.0
2443187.81571,0.9924078000000002,3.57309723,-3.4683924,-0.74419342,2.76604792,-2.89939294,-0.74415836,1.0
2443187.822293,1.009927,3.57313247,-3.46835831,-0.74417923,2.76601606,-2.89945185,-0.74414418,1.0
2443187.829335,1.002513,3.57317017,-3.46832185,-0.74416405,2.76598199,-2.89951487,-0.74412901,1.0
2443187.832877,1.025864,3.57318913,-3.46830351,-0.74415642,2.76596485,-2.89954657,-0.74412138,1.0
2443187.838668,1.028703,3.57322013,-3.46827353,-0.74414394,2.76593685,-2.8995984,-0.7441089,1.0
2443187.844335,1.033451,3.57325046,-3.46824418,-0.74413172,2.76590945,-2.89964913,-0.74409669,1.0
2443187.850293,1.008997,3.57328236,-3.46821333,-0.74411888,2.76588065,-2.89970248,-0.74408386,1.0
2443187.858002,1.019272,3.57332362,-3.46817342,-0.74410226,2.7658434,-2.8997715,-0.74406725,1.0
2443187.870585,1.022092,3.57339098,-3.46810826,-0.74407514,2.76578264,-2.89988419,-0.74404014,1.0
2443187.905542,0.9914938,3.57357809,-3.46792725,-0.74399979,2.76561401,-2.90019741,-0.74396482,1.0
2443187.911959,0.9869385,3.57361244,-3.46789402,-0.74398595,2.76558309,-2.90025492,-0.74395099,1.0
2443187.919376,0.9725013,3.57365214,-3.46785561,-0.74396997,2.76554736,-2.90032141,-0.74393501,1.0
2443187.924042,0.9742946,3.57367711,-3.46783145,-0.74395991,2.76552489,-2.90036324,-0.74392496,1.0
2443187.9672080004,0.9698176,3.57390815,-3.4676079,-0.74386685,2.76531727,-2.90075042,-0.74383195,1.0
2443187.976125,0.9833096,3.57395587,-3.46756172,-0.74384763,2.76527443,-2.90083044,-0.74381274,1.0
2443187.982,1.002513,3.57398731,-3.46753129,-0.74383497,2.76524622,-2.90088316,-0.74380008,1.0
2443187.98775,1.005287,3.57401808,-3.46750152,-0.74382257,2.76521862,-2.90093477,-0.74378769,1.0
2443187.99275,1.014589,3.57404484,-3.46747562,-0.74381179,2.76519462,-2.90097966,-0.74377691,1.0
2443187.997666,1.02492,3.57407115,-3.46745016,-0.7438011999999999,2.76517104,-2.90102379,-0.74376632,1.0
2443188.001207,1.012722,3.57409011,-3.46743182,-0.74379356,2.76515405,-2.90105559,-0.74375869,1.0
2443188.029332,1.004361,3.57424062,-3.46728615,-0.74373293,2.76501924,-2.90130818,-0.74369809,1.0
2443188.037165,1.010858,3.57428254,-3.46724558,-0.74371604,2.76498173,-2.90137855,-0.74368121,1.0
2443188.040665,0.9924078000000002,3.57430127,-3.46722745,-0.7437085,2.76496497,-2.90141,-0.74367367,1.0
2443188.046582,0.9951539,3.57433293,-3.46719681,-0.74369574,2.76493665,-2.90146316,-0.74366092,1.0
2445976.539441,0.8879226,-5.165345200000001,-0.77160883,-0.74703667,-4.18071737,-0.59409217,-0.74702485,1.0
2445976.547691,0.9178596,-5.16533352,-0.77166638,-0.74705366,-4.1807332000000015,-0.59401056,-0.74704183,1.0
2445976.556025,0.9263553,-5.16532173,-0.77172451,-0.74707082,-4.18074922,-0.59392813,-0.74705898,1.0
2445976.558816,0.9357896,-5.16531778,-0.77174398,-0.74707657,-4.18075458,-0.59390052,-0.74706472,1.0
2445976.56765,1.017606,-5.16530527,-0.77180561,-0.74709476,-4.18077159,-0.59381315,-0.7470829000000001,1.0
2445976.570316,0.9744957,-5.16530149,-0.77182421,-0.74710025,-4.18077672,-0.59378678,-0.74708839,1.0
2445976.578566,1.074438,-5.16528981,-0.77188176,-0.74711723,-4.18079263,-0.59370519,-0.74710537,1.0
2445976.582483,1.06263,-5.16528427,-0.77190908,-0.7471253000000001,-4.18080019,-0.59366645,-0.74711343,1.0
2445976.5913580004,1.077416,-5.165271700000001,-0.77197099,-0.74714357,-4.18081733,-0.59357868,-0.7471317,1.0
2445976.596316,1.097449,-5.16526468,-0.77200558,-0.74715378,-4.18082691,-0.59352965,-0.7471419,1.0
2445976.606149,1.12405,-5.16525075,-0.77207418,-0.74717403,-4.18084595,-0.59343241,-0.74716214,1.0
2445976.6090240004,1.114773,-5.16524668,-0.77209423,-0.74717995,-4.18085152,-0.59340398,-0.74716806,1.0
2445976.61969,1.109656,-5.16523158,-0.77216864,-0.74720191,-4.1808722000000005,-0.59329851,-0.74719001,1.0
2445976.62769,1.0804120000000002,-5.16522025,-0.77222444,-0.74721838,-4.18088773,-0.59321941,-0.74720647,1.0
2445976.630315,1.0616709999999998,-5.16521653,-0.77224275,-0.74722378,-4.18089284,-0.59319346,-0.74721188,1.0
2445976.63744,1.0626520000000002,-5.16520644,-0.77229245,-0.74723845,-4.18090669,-0.59312301,-0.74722654,1.0
2445976.639732,1.037508,-5.16520319,-0.77230844,-0.74724317,-4.18091115,-0.59310035,-0.74723126,1.0
2445976.64244,1.041339,-5.16519935,-0.77232733,-0.74724875,-4.18091642,-0.59307358,-0.74723683,1.0
2445976.657357,0.9488429,-5.16517822,-0.77243139,-0.74727946,-4.1809455,-0.5929260999999999,-0.74726753,1.0
2445976.6630240004,0.900317,-5.16517019,-0.77247092,-0.74729112,-4.18095656,-0.59287008,-0.74727919,1.0
2445976.6770240003,0.8741735999999999,-5.16515036,-0.77256858,-0.74731995,-4.18098393,-0.59273169,-0.747308,1.0
2445976.679649,0.823376,-5.16514664,-0.77258689,-0.74732535,-4.18098906,-0.59270574,-0.7473134,1.0
2445976.682149,0.840231,-5.1651431,-0.77260433,-0.7473305,-4.18099396,-0.59268103,-0.74731855,1.0
2445976.694107,0.8863405000000001,-5.16512615,-0.77268775,-0.74735512,-4.18101739,-0.59256283,-0.74734316,1.0
2445976.696732,0.8855259,-5.16512243,-0.77270606,-0.74736052,-4.18102254,-0.59253689,-0.74734856,1.0
2445976.7055240003,0.9375677,-5.16510997,-0.77276739,-0.74737862,-4.18103981,-0.59244999,-0.74736665,1.0
2445976.708149,1.020477,-5.16510625,-0.7727857,-0.74738403,-4.18104497,-0.59242405,-0.74737206,1.0
2445976.7103150003,0.964725,-5.16510318,-0.77280081,-0.74738849,-4.18104922,-0.59240264,-0.74737651,1.0
2445976.720065,1.020481,-5.16508936,-0.77286882,-0.74740856,-4.18106841,-0.59230628,-0.74739658,1.0
2445976.72244,0.9835704,-5.165086,-0.77288539,-0.74741345,-4.18107308,-0.59228281,-0.74740147,1.0
2445976.725357,1.056832,-5.16508186,-0.77290573,-0.74741945,-4.18107883,-0.59225398,-0.74740747,1.0
2445976.73319,1.056835,-5.16507076,-0.77296037,-0.74743558,-4.18109427,-0.59217658,-0.74742359,1.0
2445976.735732,1.062693,-5.16506716,-0.7729781,-0.74744081,-4.18109929,-0.59215146,-0.74742882,1.0
2445976.745357,1.0195530000000002,-5.16505351,-0.77304524,-0.74746063,-4.18111829,-0.59205635,-0.74744863,1.0
2445976.74794,1.030884,-5.16504985,-0.77306326,-0.74746595,-4.18112339,-0.59203083,-0.74745394,1.0
2445976.755732,1.014872,-5.1650388,-0.77311762,-0.74748199,-4.1811388,-0.59195383,-0.74746998,1.0
2445976.7618150003,1.050056,-5.16503018,-0.77316005,-0.74749451,-4.18115085,-0.59189373,-0.74748249,1.0
2445976.7703150003,1.018624,-5.16501813,-0.77321934,-0.74751201,-4.18116769,-0.59180975,-0.74749999,1.0
2445976.5396080003,0.9066436,-5.16534497,-0.77160999,-0.74703702,-4.18071769,-0.59409052,-0.74702519,1.0
2445976.5478580003,0.9099925,-5.16533329,-0.77166754,-0.74705401,-4.18073352,-0.59400891,-0.74704217,1.0
2445976.556066,0.9493784,-5.16532167,-0.7717248000000001,-0.74707091,-4.18074929,-0.59392772,-0.74705906,1.0
2445976.559025,0.9024845,-5.16531748,-0.77174544,-0.747077,-4.18075498,-0.59389846,-0.74706515,1.0
2445976.567775,0.9732874,-5.16530509,-0.77180648,-0.74709501,-4.18077183,-0.59381191,-0.74708316,1.0
2445976.5704,0.9741854,-5.16530138,-0.77182479,-0.74710042,-4.18077688,-0.59378595,-0.74708856,1.0
2445976.578441,1.035245,-5.16528999,-0.77188088,-0.74711698,-4.18079239,-0.59370642,-0.74710511,1.0
2445976.582483,1.114406,-5.16528427,-0.77190908,-0.7471253000000001,-4.18080019,-0.59366645,-0.74711343,1.0
2445976.59065,1.111335,-5.1652727,-0.77196605,-0.74714211,-4.18081596,-0.59358568,-0.74713024,1.0
2445976.593525,1.124722,-5.16526863,-0.77198611,-0.74714803,-4.18082152,-0.59355725,-0.74713616,1.0
2445976.59665,1.121621,-5.16526421,-0.77200791,-0.74715447,-4.18082756,-0.59352635,-0.74714259,1.0
2445976.606315,1.145639,-5.16525052,-0.77207533,-0.74717437,-4.18084627,-0.59343076,-0.74716248,1.0
2445976.6090240004,1.161577,-5.16524668,-0.77209423,-0.74717995,-4.18085152,-0.59340398,-0.74716806,1.0
2445976.617107,1.080063,-5.16523524,-0.77215062,-0.74719659,-4.18086719,-0.59332405,-0.74718469,1.0
2445976.619732,1.072136,-5.16523152,-0.77216893,-0.74720199,-4.18087228,-0.59329809,-0.7471901,1.0
2445976.627565,0.9914045,-5.16522042,-0.77222357,-0.74721812,-4.18088749,-0.59322065,-0.74720622,1.0
2445976.6301490003,0.9626122,-5.16521676,-0.77224159,-0.74722344,-4.18089251,-0.5931951,-0.74721153,1.0
2445976.63719,1.0052,-5.16520679,-0.77229071,-0.74723794,-4.180906200000001,-0.59312548,-0.74722602,1.0
2445976.6397740003,0.9415708,-5.16520313,-0.77230874,-0.74724326,-4.18091123,-0.59309993,-0.74723134,1.0
2445976.642357,0.9066788,-5.16519947,-0.77232675,-0.74724857,-4.18091626,-0.5930744000000001,-0.74723666,1.0
2445976.65694,0.8884970999999999,-5.16517881,-0.77242848,-0.7472786,-4.18094468,-0.59293023,-0.74726667,1.0
2445976.662857,0.9041841,-5.16517043,-0.77246976,-0.74729078,-4.18095623,-0.59287173,-0.74727885,1.0
2445976.676482,0.8036355,-5.16515113,-0.7725648,-0.74731883,-4.18098287,-0.59273705,-0.74730689,1.0
2445976.681857,0.8178247,-5.16514351,-0.77260229,-0.7473299,-4.18099339,-0.59268392,-0.74731795,1.0
2445976.694232,0.8868746,-5.16512597,-0.77268862,-0.74735538,-4.18101764,-0.5925616,-0.74734342,1.0
2445976.6968150004,0.9108833,-5.16512231,-0.77270664,-0.74736069,-4.18102271,-0.59253607,-0.74734873,1.0
2445976.705607,0.919315,-5.16510985,-0.77276796,-0.74737879,-4.18103997,-0.59244917,-0.74736682,1.0
2445976.707649,0.9841577,-5.16510696,-0.77278221,-0.747383,-4.18104398,-0.59242899,-0.74737103,1.0
2445976.7105650003,0.9573375,-5.16510283,-0.77280255,-0.7473890000000001,-4.18104971,-0.59240017,-0.74737703,1.0
2445976.719732,1.005233,-5.16508983,-0.7728665,-0.74740787,-4.18106775,-0.59230957,-0.74739589,1.0
2445976.7223150004,0.9751404,-5.16508617,-0.77288451,-0.74741319,-4.18107284,-0.59228405,-0.74740121,1.0
2445976.724899,1.0258120000000002,-5.16508251,-0.77290254,-0.74741851,-4.18107793,-0.59225851,-0.74740653,1.0
2445976.732774,1.059422,-5.16507135,-0.77295747,-0.74743472,-4.18109345,-0.59218069,-0.74742273,1.0
2445976.7353990003,1.071197,-5.16506763,-0.77297578,-0.74744013,-4.18109863,-0.59215475,-0.74742813,1.0
2445976.745232,1.075155,-5.16505369,-0.77304437,-0.74746037,-4.18111804,-0.59205758,-0.74744837,1.0
2445976.7478150004,1.069231,-5.16505003,-0.77306239,-0.74746569,-4.18112315,-0.59203206,-0.74745368,1.0
2445976.75594,1.102232,-5.16503851,-0.77311907,-0.74748242,-4.18113922,-0.59195178,-0.7474704000000001,1.0
2445976.761649,1.074172,-5.16503041,-0.77315889,-0.74749417,-4.18115052,-0.59189537,-0.74748215,1.0
2445976.76994,1.056515,-5.16501866,-0.77321672,-0.74751124,-4.18116695,-0.59181345,-0.74749921,1.0
2445976.772315,1.023001,-5.16501529,-0.77323329,-0.74751613,-4.18117166,-0.59178999,-0.7475041,1.0
2447965.52336,1.056179,5.03727532,-0.21311308,0.42392001,4.04776206,-0.11443517,0.42392147,1.0
2447965.526235,1.058126,5.0372758,-0.21309188,0.42392673,4.04775684,-0.11446337,0.42392819,1.0
2447965.535527,1.079785,5.03727739,-0.21302336,0.42394845,4.04773998,-0.11455451,0.4239499,1.0
2447965.538402,1.077798,5.03727788,-0.21300216,0.42395517,4.04773477,-0.11458271,0.42395662,1.0
2447965.540943,1.057152,5.03727831,-0.21298343,0.42396111,4.04773016,-0.11460764,0.42396256,1.0
2447965.543485,1.04746,5.03727874,-0.21296468,0.42396705,4.04772556,-0.11463257,0.4239685,1.0
2447965.562985,0.9938877,5.03728205,-0.2128209,0.42401263,4.0476903,-0.11482386,0.42401407,1.0
2447965.565943,0.9920586,5.03728255,-0.21279908,0.42401955,4.04768496,-0.11485288,0.42402098,1.0
2447965.568485,0.9920586,5.03728299,-0.21278034,0.42402549,4.04768038,-0.11487781,0.42402692,1.0
2447965.57161,1.013298,5.03728352,-0.2127573,0.42403279,4.04767474,-0.11490847,0.42403422,1.0
2447965.574735,0.9929727,5.03728405,-0.21273426,0.4240401,4.04766911,-0.11493913,0.42404152,1.0
2447965.579736,1.006786,5.03728489,-0.21269739,0.42405178,4.0476601,-0.11498818,0.42405321,1.0
2447965.585528,0.9838692,5.03728588,-0.21265468,0.42406532,4.04764968,-0.115045,0.42406674,1.0
2447965.588403,0.9632463,5.03728636,-0.21263348,0.42407204,4.04764451,-0.1150732,0.42407346,1.0
2447965.592694,0.978447,5.03728709,-0.21260184,0.42408207,4.04763679,-0.1151153,0.42408349,1.0
2447965.596278,0.9258429,5.0372877,-0.21257541,0.42409045,4.04763036,-0.11515046,0.42409186,1.0
2447965.603903,0.9404535,5.03728899,-0.21251919,0.42410827,4.04761667,-0.11522527,0.42410968,1.0
2447965.608778,0.92755,5.03728982,-0.21248324,0.42411967,4.04760793,-0.1152731,0.42412107,1.0
2447965.617819,0.9114593,5.03729135,-0.21241657,0.4241407999999999,4.04759174,-0.1153618,0.4241422,1.0
2447965.621611,0.9378585,5.03729199,-0.21238861,0.42414966,4.04758496,-0.11539901,0.42415106,1.0
2447965.639569,0.9757472,5.03729502,-0.21225619,0.42419163,4.04755288,-0.11557521,0.42419302,1.0
2447965.642903,0.9757472,5.03729558,-0.21223161,0.42419943,4.04754694,-0.11560792,0.42420081,1.0
2447965.651153,1.026449,5.03729698,-0.21217078,0.42421871,4.04753224,-0.11568887,0.42422009,1.0
2447965.694194,1.085769,5.03730423,-0.2118534,0.42431931,4.04745589,-0.11611123,0.42432066,1.0
2447966.5277,1.032041,5.03744048,-0.20570719,0.42626708,4.04608194,-0.12430015,0.42626788,1.0
2447966.538284,1.054137,5.03744216,-0.20562914,0.42629181,4.04606577,-0.12440425,0.4262926,1.0
2447966.549242,1.091684,5.0374439,-0.20554834,0.42631741,4.04604907,-0.12451203,0.4263182,1.0
2447966.571909,1.022579,5.03744749,-0.20538118,0.42637037,4.04601462,-0.12473499,0.42637114,1.0
2447966.5932,0.945577,5.03745085,-0.20522418,0.42642011,4.0459824,-0.12494442,0.42642087,1.0
2447966.598784,0.9147387,5.03745173,-0.205183,0.42643316,4.04597398,-0.12499935,0.42643392,1.0
2447966.617867,0.8816519,5.03745474,-0.20504228,0.42647774,4.04594524,-0.12518707,0.42647849,1.0
2447966.681367,1.032992,5.03746473,-0.20457402,0.4266261,4.04585036,-0.1258118,0.4266268,1.0
2447966.692118,1.019758,5.03746642,-0.20449474,0.42665122,4.04583441,-0.12591757,0.42665191,1.0
2447966.705326,1.004841,5.03746849,-0.20439734,0.42668207,4.04581487,-0.12604752,0.42668276,1.0
2448360.598386,1.13646,4.2335008,2.56863588,1.22104544,3.31572475,2.16437127,1.22102879,1.0
2448360.602898,1.04991,4.23348229,2.56866429,1.22105258,3.31573627,2.16432835,1.22103592,1.0
2448360.626369,0.7654916,4.233386,2.56881206,1.22108969,3.3157963,2.16410509,1.22107302,1.0
2448360.633432,0.6734993,4.23335703,2.56885653,1.22110086,3.31581439,2.16403792,1.22108419,1.0
2448360.638498,0.7209986999999999,4.23333624,2.56888843,1.22110887,3.31582737,2.16398975,1.22109219,1.0
2448360.643478,0.6955563,4.23331582,2.56891978,1.22111674,3.31584014,2.1639424,1.22110006,1.0
2448360.651083,0.7398241999999999,4.23328461,2.56896766,1.22112877,3.31585966,2.16387009,1.22111209,1.0
2448360.65652,0.8037593000000001,4.23326231,2.56900189,1.22113737,3.31587362,2.1638184,1.22112068,1.0
2448360.669937,0.9879144,4.23320726,2.56908636,1.22115858,3.3159081,2.16369085,1.22114189,1.0
2448360.674716,1.0221559999999998,4.23318765,2.56911645,1.22116614,3.31592039,2.16364543,1.22114944,1.0
2448360.679566,1.0862120000000002,4.23316775,2.56914699,1.22117381,3.31593288,2.16359933,1.22115711,1.0
2448360.686116,1.181168,4.23314088,2.56918822,1.22118416,3.31594974,2.16353708,1.22116746,1.0
2448360.690887,1.190993,4.2331213,2.56921826,1.22119171,3.31596204,2.16349173,1.221175,1.0
2448360.69562,1.223227,4.23310188,2.56924806,1.22119919,3.31597424,2.16344676,1.22118248,1.0
2448360.702724,1.280865,4.23307273,2.56929278,1.22121042,3.31599256,2.16337925,1.22119371,1.0
2448360.707503,1.276148,4.23305312,2.56932287,1.22121798,3.3160049,2.16333384,1.22120126,1.0
2448360.720017,1.296269,4.23300177,2.56940165,1.22123776,3.31603722,2.16321496,1.22122104,1.0
2448360.7312330003,1.269082,4.23295575,2.56947226,1.2212555,3.31606623,2.16310842,1.22123877,1.0
2448360.740109,1.160607,4.23291933,2.56952814,1.22126953,3.31608921,2.16302411,1.22125279,1.0
2448360.7494630003,1.059451,4.23288094,2.56958703,1.22128432,3.31611345,2.16293527,1.22126758,1.0
2448360.766083,0.8446425,4.23281273,2.56969166,1.22131059,3.31615657,2.16277746,1.22129384,1.0
2448360.7708880003,0.770319,4.23279302,2.56972191,1.22131819,3.31616905,2.16273184,1.22130144,1.0
2448360.780413,0.6871729,4.23275393,2.56978187,1.22133325,3.31619381,2.16264141,1.22131649,1.0
2448360.785147,0.6897055999999999,4.2327345,2.56981166,1.22134073,3.31620612,2.16259648,1.22132397,1.0
2448360.79003,0.6928853,4.23271446,2.5698424,1.22134845,3.31621883,2.16255013,1.22133169,1.0
2448360.797185,0.7767085,4.2326850999999985,2.56988744,1.22135976,3.31623746,2.16248222,1.22134299,1.0
2448360.801976,0.7955281,4.23266543,2.5699176,1.22136734,3.31624994,2.16243674,1.22135056,1.0
2448360.806755,0.8337838,4.23264582,2.56994769,1.22137489,3.3162624,2.16239139,1.22135812,1.0
2448360.813851,0.951152,4.23261669,2.56999236,1.22138611,3.31628091,2.16232405,1.22136933,1.0
2448360.818676,1.058395,4.23259689,2.57002273,1.22139374,3.3162935,2.16227827,1.22137695,1.0
2448360.823514,1.053526,4.23257703,2.57005319,1.22140138,3.31630613,2.16223236,1.2213846000000002,1.0
2448360.830897,1.126787,4.23254673,2.57009966,1.22141305,3.31632542,2.16216231,1.22139627,1.0
2448360.835622,1.176629,4.23252734,2.57012941,1.22142052,3.31633777,2.16211749,1.22140373,1.0
2448360.840355,1.2095870000000002,4.23250791,2.5701592,1.221428,3.31635015,2.16207259,1.22141121,1.0
2448360.848051,1.261925,4.23247632,2.57020765,1.22144017,3.31637029,2.16199958,1.22142337,1.0
2448360.852818,1.2275280000000002,4.23245675,2.57023766,1.2214477,3.31638278,2.16195437,1.2214309,1.0
2448360.857309,1.224134,4.23243832,2.57026593,1.2214548,3.31639454,2.16191177,1.221438,1.0
2448364.525233,0.7496794,4.21732061,2.59331362,1.22723378,3.32773088,2.12793049,1.22721491,1.0
2448364.530879,0.697066,4.21729724,2.59334903,1.22724265,3.32775096,2.12787948,1.22722378,1.0
2448364.5412290003,0.7299135,4.21725441,2.59341395,1.2272589,3.32778779,2.12778598,1.22724003,1.0
2448364.546079,0.7835566999999999,4.21723433,2.59344438,1.22726652,3.32780505,2.12774218,1.22724764,1.0
2448364.550904,0.8528427,4.21721436,2.59347464,1.22727409,3.32782224,2.1276986,1.22725521,1.0
2448364.557604,0.9472561,4.21718663,2.59351667,1.22728461,3.32784611,2.12763809,1.22726573,1.0
2448364.562395,1.031018,4.2171668,2.59354672,1.22729214,3.32786319,2.12759482,1.22727325,1.0
2448364.5673490004,1.05115,4.2171463,2.59357779,1.22729992,3.32788085,2.12755009,1.22728103,1.0
2448364.573983,1.145152,4.21711884,2.5936194,1.22731034,3.32790451,2.12749019,1.22729144,1.0
2448364.57875,1.166439,4.21709911,2.5936493,1.22731782,3.32792153,2.12744715,1.22729893,1.0
2448364.583508,1.189216,4.21707942,2.59367915,1.22732529,3.32793851,2.1274042,1.22730639,1.0
2448364.590141,1.290801,4.21705196,2.59372075,1.22733571,3.3279622000000004,2.12734432,1.22731681,1.0
2448364.5949540003,1.2487,4.21703204,2.59375094,1.22734327,3.32797939,2.12730088,1.22732436,1.0
2448364.600754,1.276605,4.21700803,2.59378732,1.22735237,3.32800012,2.12724853,1.22733347,1.0
2448364.608325,1.32207,4.21697669,2.5938348,1.22736426,3.32802719,2.12718021,1.22734535,1.0
2448364.612987,1.260241,4.21695739,2.59386404,1.22737158,3.32804387,2.12713814,1.22735267,1.0
2448364.619991,1.212416,4.2169284000000005,2.59390797,1.22738258,3.32806893,2.12707494,1.22736366,1.0
2448364.6264,1.209066,4.21690187,2.59394817,1.22739264,3.32809188,2.12701712,1.22737372,1.0
2448364.631229,1.195774,4.21688188,2.59397846,1.22740023,3.32810917,2.12697355,1.2273813,1.0
2448364.636066,1.145112,4.21686186,2.5940088,1.22740782,3.3281265,2.12692992,1.22738889,1.0
2448364.642467,1.033823,4.21683536,2.59404894,1.22741787,3.32814944,2.12687219,1.22739894,1.0
2448364.647201,0.9773387,4.21681576,2.59407863,1.2274253000000002,3.32816642,2.12682949,1.22740637,1.0
2448364.651934,0.934209,4.21679617,2.59410831,1.22743273,3.32818339,2.12678681,1.2274138,1.0
2448364.658913,0.8614738999999999,4.21676728,2.59415208,1.22744369,3.32820844,2.12672387,1.22742475,1.0
2448364.663638,0.8280206,4.21674772,2.59418172,1.22745111,3.3282254,2.12668127,1.22743217,1.0
2448364.66838,0.7332293000000001,4.21672809,2.59421146,1.22745856,3.32824243,2.12663851,1.22743961,1.0
2448364.674921,0.7278439999999999,4.21670101,2.59425248,1.22746883,3.32826592,2.12657954,1.22744988,1.0
2448364.679655,0.6931659,4.21668141,2.59428217,1.22747626,3.32828294,2.12653686,1.22745731,1.0
2448364.6844,0.7145555,4.21666176,2.59431193,1.22748371,3.3283,2.12649408,1.22746475,1.0
2448364.690975,0.7600361999999999,4.21663454,2.59435317,1.22749403,3.32832364,2.12643482,1.22747507,1.0
2448364.69573,0.833361,4.21661485,2.59438299,1.2275015,3.32834075,2.12639196,1.22748254,1.0
2448364.700338,0.8622475000000001,4.21659577,2.59441189,1.22750873,3.32835733,2.12635043,1.22748977,1.0
2448364.707063,1.00007,4.21656793,2.59445407,1.22751929,3.32838155,2.12628983,1.22750032,1.0
2448364.716367,1.093524,4.21652941,2.59451242,1.2275339,3.32841506,2.1262060000000003,1.22751492,1.0
2448364.7269,1.202336,4.2164858,2.59457848,1.22755043,3.32845303,2.1261111,1.22753146,1.0
2448364.735859,1.252056,4.2164487,2.59463466,1.2275645,3.32848535,2.1260304,1.22754551,1.0
2448364.746726,1.308643,4.216403700000001,2.59470281,1.22758156,3.32852458,2.12593252,1.22756257,1.0
2448364.756484,1.37031,4.2163633,2.59476401,1.22759688,3.32855983,2.12584465,1.22757788,1.0
2448364.763255,1.2812,4.21633526,2.59480647,1.2276075,3.3285843,2.12578368,1.22758851,1.0
2448364.768092,1.185812,4.21631523,2.5948368,1.2276151000000002,3.32860179,2.12574013,1.2275961000000002,1.0
2448364.772767,1.254338,4.21629587,2.59486612,1.22762244,3.3286187000000007,2.12569804,1.22760343,1.0
2448364.779818,1.130351,4.21626668,2.59491033,1.2276334999999998,3.32864421,2.12563458,1.2276145,1.0
2448364.784527,1.125154,4.21624718,2.59493987,1.2276409,3.32866126,2.12559219,1.22762189,1.0
2448364.789135,1.046191,4.2162281,2.59496876,1.22764813,3.32867794,2.12555071,1.22762912,1.0
2448364.7959060003,0.9945105,4.21620006,2.59501122,1.22765876,3.32870247,2.12548977,1.22763974,1.0
2448364.80056,0.8970326,4.21618078,2.59504041,1.22766606,3.32871934,2.12544789,1.22764705,1.0
2448364.805247,0.8150929,4.21616137,2.5950698,1.22767342,3.32873633,2.12540572,1.2276544,1.0
2448364.81196,0.7762568,4.21613357,2.5951119,1.22768396,3.32876068,2.12534531,1.22766493,1.0
2448364.816647,0.6963130999999999,4.21611416,2.59514129,1.22769131,3.32877768,2.12530314,1.22767229,1.0
2448364.821393,0.7277853,4.21609451,2.59517105,1.22769876,3.3287949,2.12526045,1.22767973,1.0
2448364.829689,0.6606954,4.21606015,2.59522308,1.22771179,3.32882503,2.12518582,1.22769275,1.0
2448364.834181,0.8211081,4.21604155,2.59525124,1.22771884,3.32884134,2.12514541,1.2276998,1.0
2448364.838939,0.8978405999999999,4.21602184,2.59528108,1.2277263,3.32885863,2.12510262,1.22770727,1.0
2454756.613914,0.9172701,-4.96629102,-1.65806775,-1.00259708,-4.05577965,-1.25301698,-1.0026004000000002,1.0
2454756.617411,0.87841,-4.96628165,-1.65809094,-1.00260344,-4.05579571,-1.25298543,-1.00260676,1.0
2454756.620918,0.8776014999999999,-4.96627225,-1.6581142,-1.00260983,-4.05581182,-1.25295378,-1.00261315,1.0
2454756.624423,0.8568351000000001,-4.96626285,-1.65813744,-1.00261621,-4.05582793,-1.25292216,-1.00261953,1.0
2454756.627861,0.834252,-4.96625364,-1.65816024,-1.00262246,-4.05584373,-1.25289114,-1.00262578,1.0
2454756.631301,0.8266037,-4.96624441,-1.65818305,-1.00262873,-4.05585955,-1.25286011,-1.00263205,1.0
2454756.634743,0.8443011,-4.96623519,-1.65820587,-1.00263499,-4.05587537,-1.25282905,-1.00263831,1.0
2454756.639886,0.8296545,-4.966221400000001,-1.65823997,-1.00264435,-4.05589903,-1.25278266,-1.00264767,1.0
2454756.6433220003,0.8327167,-4.96621219,-1.65826276,-1.00265061,-4.05591483,-1.25275166,-1.00265393,1.0
2454756.646754,0.8243226999999999,-4.96620299,-1.65828551,-1.00265686,-4.05593062,-1.25272071,-1.00266018,1.0
2454756.651908,0.8607902,-4.96618918,-1.65831969,-1.00266624,-4.05595434,-1.25267422,-1.00266956,1.0
2454756.658147,0.8849063,-4.96617245,-1.65836106,-1.00267759,-4.05598307,-1.25261795,-1.00268092,1.0
2454756.6615810003,0.8849063,-4.96616325,-1.65838383,-1.00268385,-4.05599888,-1.25258698,-1.00268717,1.0
2454756.665021,0.9206559,-4.96615402,-1.65840664,-1.00269011,-4.05601473,-1.25255596,-1.00269343,1.0
2454756.6684540003,0.9552066,-4.96614482,-1.6584293999999995,-1.00269636,-4.05603054,-1.25252501,-1.00269968,1.0
2454756.671893,0.9676033000000002,-4.9661356,-1.65845221,-1.00270262,-4.05604639,-1.252494,-1.00270594,1.0
2454756.675327,1.014139,-4.96612639,-1.65847498,-1.00270887,-4.05606221,-1.25246303,-1.00271219,1.0
2454756.678759,1.075715,-4.96611719,-1.65849773,-1.00271511,-4.05607803,-1.25243209,-1.00271843,1.0
2454756.682197,1.092691,-4.96610798,-1.65852053,-1.00272137,-4.05609389,-1.25240109,-1.00272469,1.0
2454756.685628,1.086669,-4.96609878,-1.65854328,-1.00272762,-4.05610971,-1.25237016,-1.00273094,1.0
2454756.689066,1.116085,-4.96608956,-1.65856608,-1.00273387,-4.05612556,-1.25233917,-1.0027372,1.0
2454756.692504,1.138931,-4.96608034,-1.65858887,-1.00274013,-4.05614142,-1.25230818,-1.00274345,1.0
2454756.69595,1.183852,-4.9660711,-1.65861173,-1.00274641,-4.05615733,-1.2522771,-1.00274973,1.0
2454756.704817,1.195907,-4.96604733,-1.65867052,-1.00276255,-4.05619826,-1.25219718,-1.00276587,1.0
2454756.709983,1.211427,-4.96603348,-1.65870478,-1.00277195,-4.05622211,-1.25215062,-1.00277527,1.0
2454756.713423,1.188221,-4.96602425,-1.65872759,-1.00277821,-4.056238,-1.25211962,-1.00278153,1.0
2454756.720311,1.161174,-4.96600579,-1.65877326,-1.00279075,-4.05626982,-1.25205755,-1.00279407,1.0
2454756.7237580004,1.149469,-4.96599654,-1.65879611,-1.00279702,-4.05628575,-1.25202649,-1.00280034,1.0
2454756.727211,1.147354,-4.96598728,-1.65881901,-1.00280331,-4.05630171,-1.25199538,-1.00280663,1.0
2454756.730668,1.1305690000000002,-4.96597801,-1.65884193,-1.0028096,-4.0563177,-1.25196423,-1.00281292,1.0
2454756.73411,1.1089129999999998,-4.96596878,-1.65886475,-1.00281586,-4.05633361,-1.25193322,-1.00281919,1.0
2454756.737548,1.075715,-4.96595957,-1.65888755,-1.00282212,-4.05634951,-1.25190224,-1.00282544,1.0
2454756.740984,1.075715,-4.96595035,-1.65891033,-1.00282838,-4.05636541,-1.25187129,-1.0028317,1.0
2454756.7444240004,1.052198,-4.96594113,-1.65893314,-1.00283464,-4.05638133,-1.2518403,-1.00283796,1.0
2454756.750029,0.98923,-4.9659261,-1.65897031,-1.00284484,-4.05640727,-1.25178981,-1.00284816,1.0
2454756.753459,0.9729651,-4.9659169,-1.65899305,-1.00285108,-4.05642314,-1.25175892,-1.0028544,1.0
2454756.756894,0.909698,-4.96590769,-1.65901582,-1.00285733,-4.05643905,-1.25172798,-1.00286066,1.0
2454756.760329,0.9021885,-4.96589848,-1.6590386,-1.00286358,-4.05645496,-1.25169704,-1.00286691,1.0
2454756.76377,0.8505450999999999,-4.96588925,-1.65906142,-1.00286985,-4.05647089,-1.25166605,-1.00287317,1.0
2454756.767207,0.8489796000000001,-4.96588003,-1.6590842,-1.0028761,-4.05648682,-1.2516351,-1.00287943,1.0
2454756.770638,0.8466372,-4.96587083,-1.65910695,-1.00288235,-4.05650272,-1.2516042,-1.00288567,1.0
2454756.774075,0.8243226999999999,-4.96586161,-1.65912974,-1.0028886,-4.05651864,-1.25157325,-1.00289193,1.0
2454756.777518,0.8160133,-4.96585238,-1.65915258,-1.00289487,-4.05653461,-1.25154224,-1.0028982,1.0
2454756.780959,0.7915846,-4.96584315,-1.65917539,-1.00290113,-4.05655056,-1.25151126,-1.00290446,1.0
2454756.784394,0.8205353999999999,-4.96583393,-1.65919817,-1.00290739,-4.05656649,-1.25148033,-1.00291071,1.0
2454756.787826,0.8212913000000001,-4.96582473,-1.65922092,-1.00291363,-4.05658241,-1.25144943,-1.00291696,1.0
2454756.797476,0.8576246999999999,-4.96579885,-1.65928491,-1.0029312,-4.05662719,-1.25136255,-1.00293452,1.0
2454756.800911,0.8816523,-4.96578964,-1.65930768,-1.00293745,-4.05664313,-1.25133163,-1.00294077,1.0
2454756.806064,0.937772,-4.96577581,-1.65934185,-1.00294683,-4.05666705,-1.25128525,-1.00295015,1.0
2454756.809504,0.9622708,-4.96576659,-1.65936466,-1.00295309,-4.05668303,-1.25125429,-1.00295641,1.0
2454756.812943,0.9956284,-4.96575736,-1.65938746,-1.00295935,-4.056699,-1.25122334,-1.00296267,1.0
2454756.816384,1.020698,-4.96574813,-1.65941027,-1.00296561,-4.05671499,-1.25119237,-1.00296893,1.0
2454756.8198240004,1.040632,-4.96573891,-1.65943308,-1.00297187,-4.05673097,-1.25116141,-1.00297519,1.0
2454756.823252,1.077699,-4.96572971,-1.65945581,-1.00297811,-4.0567468999999985,-1.25113056,-1.00298143,1.0
2454756.826687,1.081676,-4.9657205,-1.65947859,-1.00298436,-4.05676287,-1.25109965,-1.00298768,1.0
2454756.830118,1.129529,-4.96571129,-1.65950134,-1.0029906,-4.05677882,-1.25106878,-1.00299393,1.0
2454756.833553,1.106872,-4.96570208,-1.65952411,-1.00299685,-4.0567948,-1.25103787,-1.00300018,1.0
2454756.836989,1.1264120000000002,-4.96569286,-1.65954689,-1.00300311,-4.05681078,-1.25100695,-1.00300643,1.0
2454756.842584,1.138931,-4.96567786,-1.65958399,-1.00301329,-4.05683681,-1.25095662,-1.00301662,1.0
2454756.846021,1.1579700000000002,-4.96566864,-1.65960678,-1.00301954,-4.0568528,-1.2509257,-1.00302287,1.0
2454756.84945,1.1558389999999998,-4.96565944,-1.65962951,-1.00302579,-4.05686876,-1.25089485,-1.00302911,1.0
2454756.856333,1.1569040000000002,-4.96564097,-1.65967515,-1.00303831,-4.05690081,-1.25083292,-1.00304164,1.0
2454756.861494,1.13998,-4.96562712,-1.65970937,-1.00304771,-4.05692485,-1.2507865,-1.00305103,1.0
2454756.86836,1.092691,-4.9656087,-1.65975489,-1.0030602,-4.05695684,-1.25072475,-1.00306353,1.0
2454756.871796,1.119173,-4.96559949,-1.65977768,-1.00306645,-4.05697285,-1.25069385,-1.00306978,1.0
2454756.87523,1.09068,-4.96559027,-1.65980044,-1.0030727,-4.05698886,-1.25066297,-1.00307603,1.0
2454756.878659,1.049294,-4.96558107,-1.65982318,-1.00307894,-4.05700484,-1.25063213,-1.00308227,1.0
2454756.882095,1.049294,-4.96557186,-1.65984596,-1.0030852,-4.05702086,-1.25060124,-1.00308852,1.0
2454757.608243,1.009875,-4.96362108,-1.66465962,-1.00440617,-4.06047616,-1.24410347,-1.00440951,1.0
2454757.613368,0.9769393,-4.96360729,-1.66469359,-1.00441549,-4.06050104,-1.24405783,-1.00441884,1.0
2454757.616789,0.9364133,-4.96359809,-1.66471627,-1.00442171,-4.06051765,-1.24402737,-1.00442506,1.0
2454757.623629,0.8992234,-4.96357969,-1.6647616000000005,-1.00443415,-4.06055087,-1.24396647,-1.00443749,1.0
2454757.627047,0.8446319999999999,-4.9635705,-1.66478425,-1.00444036,-4.06056747,-1.24393605,-1.00444371,1.0
2454757.630469,0.8469690999999999,-4.96356129,-1.66480693,-1.00444658,-4.06058409,-1.24390559,-1.00444993,1.0
2454757.633885,0.8021720999999999,-4.9635520999999985,-1.66482957,-1.00445279,-4.06060069,-1.24387518,-1.00445614,1.0
2454757.639489,0.7926246,-4.96353702,-1.66486671,-1.00446298,-4.06062793,-1.2438253,-1.00446633,1.0
2454757.642907,0.8170856,-4.96352783,-1.66488937,-1.0044692,-4.06064455,-1.24379488,-1.00447255,1.0
2454757.646331,0.7962832,-4.96351862,-1.66491206,-1.00447543,-4.0606612,-1.24376441,-1.00447878,1.0
2454757.649745,0.8118346,-4.96350943,-1.66493469,-1.00448163,-4.0606778,-1.24373403,-1.00448498,1.0
2454757.65488,0.794086,-4.96349562,-1.66496872,-1.00449097,-4.06070278,-1.24368833,-1.00449432,1.0
2454757.660005,0.8043916999999999,-4.96348183,-1.66500269,-1.00450029,-4.06072772,-1.24364273,-1.00450364,1.0
2454757.665135,0.8571713,-4.96346803,-1.66503669,-1.00450962,-4.06075269,-1.24359709,-1.00451297,1.0
2454757.6702650003,0.8787546,-4.96345422,-1.66507069,-1.00451895,-4.06077767,-1.24355145,-1.0045223,1.0
2454757.673686,0.8868855,-4.96344502,-1.66509336,-1.00452517,-4.06079432,-1.24352101,-1.00452852,1.0
2454757.677103,0.9312528,-4.96343583,-1.66511601,-1.00453138,-4.06081097,-1.24349062,-1.00453473,1.0
2454757.684065,0.9887069,-4.96341709,-1.66516215,-1.00454404,-4.06084489,-1.24342868,-1.00454739,1.0
2454757.687487,1.020158,-4.96340788,-1.66518483,-1.00455026,-4.06086157,-1.24339824,-1.00455361,1.0
2454757.690918,1.044883,-4.96339865,-1.66520757,-1.0045565,-4.06087829,-1.24336773,-1.00455985,1.0
2454757.694353,1.065289,-4.96338941,-1.66523034,-1.00456275,-4.06089504,-1.24333718,-1.0045661,1.0
2454757.697794,1.083098,-4.96338015,-1.66525314,-1.004569,-4.06091182,-1.24330658,-1.00457235,1.0
2454757.701226,1.115495,-4.96337091,-1.66527589,-1.00457524,-4.06092855,-1.24327606,-1.00457859,1.0
2454757.704656,1.120644,-4.96336168,-1.66529862,-1.00458148,-4.06094528,-1.24324555,-1.00458483,1.0
2454757.708101,1.107306,-4.96335241,-1.66532145,-1.00458774,-4.06096209,-1.24321492,-1.00459109,1.0
2454757.7115470003,1.132055,-4.96334314,-1.66534429,-1.00459401,-4.06097891,-1.24318428,-1.00459736,1.0
2454757.716707,1.140427,-4.96332926,-1.66537849,-1.00460339,-4.06100409,-1.2431384,-1.00460674,1.0
2454757.720123,1.112417,-4.96332006,-1.66540113,-1.0046096,-4.06102077,-1.24310803,-1.00461295,1.0
2454757.723542,1.121676,-4.96331086,-1.66542379,-1.00461582,-4.06103746,-1.24307764,-1.00461917,1.0
2454757.7291180003,1.105268,-4.96329586,-1.66546074,-1.00462596,-4.06106469,-1.24302807,-1.00462931,1.0
2454757.732535,1.1012030000000002,-4.96328666,-1.66548339,-1.00463217,-4.06108138,-1.2429977,-1.00463552,1.0
2454757.735954,1.083098,-4.96327746,-1.66550605,-1.00463838,-4.06109809,-1.24296731,-1.00464174,1.0
2454757.74109,1.075146,-4.96326364,-1.66554008,-1.00464772,-4.06112319,-1.24292166,-1.00465108,1.0
2454757.744508,1.06235,-4.96325444,-1.66556274,-1.00465394,-4.0611399,-1.24289128,-1.00465729,1.0
2454757.747928,1.033398,-4.96324523,-1.6655854,-1.00466015,-4.06115662,-1.24286089,-1.00466351,1.0
2454757.751343,1.021098,-4.96323604,-1.66560803,-1.00466636,-4.06117332,-1.24283054,-1.00466972,1.0
2454757.75476,0.9932706,-4.96322684,-1.66563069,-1.00467258,-4.06119003,-1.24280017,-1.00467593,1.0
2454757.758181,0.9787405,-4.96321764,-1.66565336,-1.0046788,-4.06120677,-1.24276977,-1.00468215,1.0
2454757.77015,0.886069,-4.96318542,-1.66573268,-1.00470056,-4.06126534,-1.24266342,-1.00470391,1.0
2454757.7873810004,0.8223706000000001,-4.96313904,-1.66584687,-1.00473189,-4.06134973,-1.24251036,-1.00473524,1.0
2454757.7993630003,0.8231284,-4.96310679,-1.66592628,-1.00475367,-4.06140846,-1.24240395,-1.00475703,1.0
2454757.804493,0.8338110000000001,-4.96309298,-1.66596028,-1.004763,-4.06143361,-1.24235839,-1.00476635,1.0
2454757.813031,0.8877028,-4.96307,-1.66601686,-1.00477852,-4.06147549,-1.24228258,-1.00478187,1.0
2454757.818155,0.9184756,-4.9630562000000005,-1.66605082,-1.00478783,-4.06150064,-1.24223708,-1.00479119,1.0
2454757.828862,1.012669,-4.96302738,-1.66612178,-1.0048073,-4.06155321,-1.24214202,-1.00481066,1.0
2454757.832285,1.024867,-4.96301816,-1.66614447,-1.00481352,-4.06157002,-1.24211164,-1.00481688,1.0
2454757.835701,1.055523,-4.96300897,-1.6661671000000002,-1.00481973,-4.06158679,-1.24208132,-1.00482309,1.0
2454757.845955,1.1425299999999998,-4.96298136,-1.66623506,-1.00483838,-4.06163718,-1.24199031,-1.00484173,1.0
2454757.849377,1.148861,-4.96297215,-1.66625773,-1.0048446,-4.061654,-1.24195994,-1.00484795,1.0
2454757.852802,1.168066,-4.96296293,-1.66628043,-1.00485082,-4.06167084,-1.24192955,-1.00485418,1.0
2454757.859634,1.176705,-4.96294453,-1.66632571,-1.00486324,-4.06170444,-1.24186892,-1.0048666,1.0
2454757.863052,1.178874,-4.96293533,-1.66634836,-1.00486946,-4.06172125,-1.2418386,-1.00487281,1.0
2454757.870246,1.183226,-4.96291596,-1.66639603,-1.00488254,-4.06175665,-1.24177477,-1.00488589,1.0
2454757.873674,1.157358,-4.96290673,-1.66641875,-1.00488877,-4.06177352,-1.24174436,-1.00489212,1.0
2454757.877096,1.155228,-4.96289752,-1.66644143,-1.00489499,-4.06179036,-1.241714,-1.00489834,1.0
2454757.883932,1.144636,-4.96287911,-1.66648673,-1.00490741,-4.06182402,-1.24165336,-1.00491077,1.0