2444841.7166,1.065146,-1.98473477,0.65984998,0.01117973,-1.0908558000000002,0.18814002,0.01115585,1.0
2444841.76436,1.369648,-1.9849238,0.65928961,0.01119763,-1.09067512,0.18830333,0.01117379,1.0
2444841.80009,1.148707,-1.98506512,0.65887036,0.01121102,-1.09054024,0.18842567,0.01118721,1.0
2444841.84222,0.7730526,-1.98523165,0.65837597,0.0112268,-1.09038151,0.18857011,0.01120304,1.0
2444841.84428,0.7478406,-1.98523979,0.6583518,0.01122758,-1.09037376,0.18857717,0.01120381,1.0
2444841.84729,0.7382595999999999,-1.98525169,0.65831648,0.0112287,-1.09036243,0.1885875,0.01120494,1.0
2444841.85202,0.7375799,-1.98527038,0.65826097,0.01123048,-1.09034463,0.18860373,0.01120672,1.0
2444841.85818,0.8102313,-1.98529471,0.65818868,0.01123278,-1.09032147,0.18862488,0.01120903,1.0
2444841.87901,1.027564,-1.98537698,0.65794422,0.01124059,-1.09024318,0.1886964,0.01121685,1.0
2444841.88539,1.11022,-1.98540218,0.65786935,0.01124298,-1.09021921,0.18871832,0.01121925,1.0
2444841.90837,1.2399639999999998,-1.9854929,0.65759964,0.01125159,-1.09013297,0.1887973,0.01122788,1.0
2444841.92566,1.286498,-1.98556114,0.65739672,0.01125807,-1.09006814,0.18885677,0.01123437,1.0
2444841.94115,1.2735299999999998,-1.98562226,0.65721491,0.01126387,-1.09001012,0.18891007,0.01124019,1.0
2444841.9627400003,1.13399,-1.98570742,0.65696149,0.01127196,-1.08992932,0.18898441,0.0112483,1.0
2444841.9832900004,1.025673,-1.98578845,0.65672028,0.01127966,-1.08985249,0.18905522,0.01125602,1.0
2444841.98718,0.9813164,-1.98580378,0.65667462,0.01128111,-1.08983796,0.18906863,0.01125748,1.0
2444841.99031,0.9458212,-1.98581612,0.65663788,0.01128229,-1.08982627,0.18907942,0.01125865,1.0
2444841.9934,0.9414757,-1.9858283,0.6566016,0.01128344,-1.08981473,0.18909007,0.01125981,1.0
2444841.99607,0.9099323,-1.98583882,0.65657026,0.01128445,-1.08980476,0.18909928,0.01126082,1.0
2444841.99934,0.885134,-1.98585171,0.65653188,0.01128567,-1.08979255,0.18911055,0.01126204,1.0
2444842.0024900003,0.8484164000000001,-1.98586413,0.6564949000000001,0.01128685,-1.08978079,0.18912142,0.01126323,1.0
2444848.555158,1.229526,-2.01030927,0.57912546,0.01373366,-1.06955377,0.21395783,0.01371612,1.0
2444848.558158,1.199317,-2.01031983,0.57908984,0.01373477,-1.06954649,0.21397014,0.01371724,1.0
2444848.562825,1.182847,-2.01033625,0.57903442,0.01373651,-1.06953517,0.21398929,0.01371898,1.0
2444848.5691580004,1.226086,-2.01035853,0.57895923,0.01373887,-1.06951982,0.21401528,0.01372134,1.0
2444848.571867,1.240845,-2.01036806,0.57892706,0.01373987,-1.06951326,0.2140264,0.01372235,1.0
2444848.57595,1.22268,-2.01038242,0.57887858,0.01374139,-1.06950337,0.21404316,0.01372387,1.0
2444848.5807,1.21257,-2.01039913,0.57882219,0.01374316,-1.06949187,0.21406266,0.01372565,1.0
2444848.592408,1.170827,-2.01044031,0.57868317,0.01374752,-1.06946354,0.21411072,0.01373001,1.0
2444848.599242,1.152616,-2.01046434,0.57860202,0.01375006,-1.06944701,0.21413879,0.01373256,1.0
2444848.605325,1.102751,-2.01048573,0.57852979,0.01375232,-1.06943231,0.21416377,0.01373483,1.0
2444848.613658,1.052125,-2.01051502,0.57843084,0.01375542,-1.06941219,0.214198,0.01373794,1.0
2444848.623493,0.9818732,-2.01054959,0.57831407,0.01375908,-1.06938846,0.2142384,0.01374161,1.0
2444848.626076,0.9577504,-2.01055867,0.5782834,0.01376004,-1.06938223,0.21424902,0.01374257,1.0
2444848.629868,0.9146349,-2.01057199,0.57823837,0.01376145,-1.06937308,0.21426460000000006,0.01374399,1.0
2444848.633868,0.8718530000000001,-2.01058605,0.57819087,0.01376294,-1.06936344,0.21428104,0.01374548,1.0
2444848.636451,0.8758708000000001,-2.01059513,0.5781602,0.0137639,-1.06935722,0.21429165,0.01374644,1.0
2444848.639284,0.8457398000000002,-2.01060508,0.57812656,0.01376496,-1.06935039,0.2143033,0.0137475,1.0
2444848.646951,0.7827581,-2.01063202,0.57803551,0.01376781,-1.06933193,0.21433481,0.01375036,1.0
2444848.649368,0.7777222,-2.01064051,0.57800681,0.01376871,-1.06932611,0.21434475,0.01375126,1.0
2444848.655909,0.7352193,-2.01066349,0.57792914,0.01377114,-1.06931037,0.21437164,0.0137537,1.0
2444848.659618,0.7284713,-2.01067651,0.57788509,0.01377252,-1.06930145,0.21438689,0.01375508,1.0
2444848.6652430003,0.7812781,-2.01069627,0.57781829,0.01377462,-1.06928793,0.21441002,0.01375718,1.0
2444848.667659,0.7921414999999999,-2.01070475,0.5777896,0.01377551,-1.06928212,0.21441996,0.01375808,1.0
2444848.670451,0.8090953000000001,-2.01071456,0.57775645,0.01377655,-1.06927541,0.21443144,0.01375912,1.0
2444848.676826,0.8863228999999999,-2.01073694,0.57768074,0.01377893,-1.0692601000000002,0.21445766,0.0137615,1.0
2444848.6808680003,0.9094674,-2.01075113,0.57763274,0.01378043,-1.0692503999999998,0.21447429,0.01376301,1.0
2444848.683451,0.954958,-2.0107602,0.57760207,0.01378139,-1.0692442,0.21448492,0.01376397,1.0
2444848.688284,0.990783,-2.01077717,0.57754467,0.01378319,-1.0692326,0.2145048,0.01376577,1.0
2444848.693993,1.038416,-2.01079721,0.57747687,0.01378531,-1.06921891,0.21452829,0.0137679,1.0
2444848.696576,1.073417,-2.01080628,0.5774461999999999,0.01378627,-1.06921272,0.21453892,0.01376887,1.0
2444848.704201,1.1491049999999998,-2.01083304,0.57735564,0.01378911,-1.06919445,0.2145703,0.01377171,1.0
2444848.708993,1.171532,-2.01084985,0.57729873,0.01379089,-1.06918297,0.21459002,0.0137735,1.0
2444848.717534,1.242635,-2.01087982,0.5771973000000001,0.01379407,-1.06916252,0.21462519,0.01377668,1.0
2444848.720034,1.2529709999999998,-2.01088859,0.57716762,0.013794999999999998,-1.06915654,0.21463548,0.01377762,1.0
2444848.724284,1.236904,-2.0109035,0.57711714,0.01379658,-1.06914638,0.21465298,0.0137792,1.0
2444848.73041,1.248328,-2.01092499,0.57704441,0.01379886,-1.06913173,0.21467821,0.01378149,1.0
2444848.732952,1.236875,-2.0109339,0.57701422,0.01379981,-1.06912566,0.21468868,0.01378243,1.0
2444848.741327,1.231164,-2.01096327,0.57691476,0.01380292,-1.06910565,0.21472318,0.01378556,1.0
2444848.743785,1.208684,-2.01097189,0.57688556,0.01380384,-1.06909978,0.2147333,0.01378647,1.0
2444848.748452,1.197588,-2.01098826,0.57683014,0.01380557,-1.06908864,0.21475253,0.01378821,1.0
2444848.755535,1.1800469999999998,-2.01101309,0.57674602,0.01380821,-1.06907174,0.21478172,0.01379086,1.0
2444848.7580770003,1.162776,-2.011022,0.57671583,0.01380915,-1.06906568,0.21479219,0.0137918,1.0
2444848.766077,1.117601,-2.01105005,0.57662082,0.01381213,-1.06904661,0.21482516,0.01379479,1.0
2444848.768535,1.10226,-2.01105866,0.57659163,0.01381304,-1.06904075,0.21483529,0.0137957,1.0
2444848.774744,1.066294,-2.01108042,0.57651788,0.01381535,-1.06902596,0.21486089,0.01379802,1.0
2444848.777119,1.067269,-2.01108875,0.57648968,0.01381624,-1.06902031,0.21487068,0.01379891,1.0
2444848.784535,1.021093,-2.01111473,0.5764016,0.01381899,-1.06900266,0.21490125,0.01380167,1.0
2444848.788869,0.9987577,-2.01112992,0.57635012,0.01382061,-1.06899235,0.21491913,0.01380329,1.0
2444848.792702,1.0107780000000002,-2.01114335,0.5763046,0.01382203,-1.06898324,0.21493493,0.01380472,1.0
2444848.796327,0.9697321,-2.01115605,0.57626155,0.01382338,-1.06897462,0.21494988,0.01380607,1.0
2444848.804577,0.890927,-2.01118495,0.57616356,0.01382645,-1.06895502,0.21498391,0.01380915,1.0
2444848.807119,0.8795065999999999,-2.01119385,0.57613337,0.01382739,-1.06894898,0.2149944,0.01381009,1.0
2444848.813202,0.8230608,-2.01121516,0.57606112,0.01382966,-1.06893454,0.21501949,0.01381236,1.0
2444848.815785,0.8215403,-2.0112242,0.57603044,0.01383062,-1.06892841,0.21503015,0.01381333,1.0
2444848.82366,0.7369194,-2.01125178,0.5759369000000001,0.01383355,-1.06890974,0.21506264,0.01381626,1.0
2444848.82616,0.7423641,-2.01126053,0.57590721,0.01383448,-1.06890381,0.21507296,0.01381719,1.0
2444848.828702,0.7314997,-2.01126943,0.57587702,0.01383542,-1.06889778,0.21508345,0.01381814,1.0
2444848.832869,0.7274603000000001,-2.01128402,0.57582752,0.01383697,-1.06888791,0.21510065,0.0138197,1.0
2444848.83691,0.7368933000000001,-2.01129817,0.57577952,0.01383848,-1.06887834,0.21511733,0.013821200000000002,1.0
2444848.839577,0.7859619000000001,-2.0113075,0.57574785,0.01383947,-1.06887202,0.21512834,0.0138222,1.0
2444848.842202,0.8283204,-2.01131669,0.57571667,0.01384044,-1.06886581,0.21513917,0.01382318,1.0
2444848.847786,0.8657485999999999,-2.01133623,0.57565035,0.01384252,-1.06885259,0.21516222,0.01382526,1.0
2444848.850328,0.9090526,-2.01134513,0.57562016,0.01384347,-1.06884658,0.21517272,0.01382621,1.0
2444848.852828,0.9483879,-2.01135388,0.57559046,0.013844399999999998,-1.06884067,0.21518304,0.01382714,1.0
2444849.587959,1.2101620000000002,-2.01390893,0.56685356,0.014117700000000004,-1.06715799,0.21824119,0.01410115,1.0
2444849.590501,1.239483,-2.0139177,0.56682333,0.01411865,-1.06715237,0.21825184,0.01410209,1.0
2444849.593251,1.203478,-2.0139272,0.56679063,0.01411967,-1.06714629,0.21826337,0.01410312,1.0
2444849.599751,1.217955,-2.01394963,0.56671333,0.01412209,-1.06713192,0.21829061,0.01410554,1.0
2444849.602251,1.15353,-2.01395826,0.5666836,0.01412302,-1.06712639,0.21830109,0.01410647,1.0
2444849.604709,1.156715,-2.01396674,0.56665437,0.01412393,-1.06712096,0.21831139,0.01410739,1.0
2444849.612334,1.127246,-2.01399305,0.56656369,0.01412676,-1.06710412,0.21834336,0.01411023,1.0
2444849.614792,1.057831,-2.01400153,0.56653446,0.01412768,-1.06709869,0.21835366,0.01411114,1.0
2444849.620167,1.108692,-2.01402007,0.56647054,0.01412967,-1.06708683,0.2183762,0.01411315,1.0
2444849.622709,1.079464,-2.01402884,0.56644031,0.01413062,-1.06708123,0.21838686,0.01411409,1.0
2444849.628917,1.035624,-2.01405025,0.56636649,0.01413293,-1.06706754,0.21841289,0.01411641,1.0
2444849.631459,1.044238,-2.01405902,0.56633625,0.01413387,-1.06706194,0.21842356,0.01411735,1.0
2444849.634042,0.9981528,-2.01406793,0.56630554,0.01413483,-1.06705625,0.21843439,0.01411832,1.0
2444849.640334,0.9620341999999998,-2.01408963,0.56623071,0.01413717,-1.06704239,0.21846078,0.01412066,1.0
2444849.646126,0.9246658,-2.0141096000000003,0.56616183,0.01413932,-1.06702964,0.21848508,0.01412282,1.0
2444849.648667,0.9011192,-2.01411836,0.56613161,0.01414026,-1.06702405,0.21849574,0.01412376,1.0
2444849.653209,0.8669174000000001,-2.01413402,0.56607759,0.01414195,-1.06701406,0.2185148,0.01412546,1.0
2444849.659209,0.8309436,-2.0141547,0.56600623,0.01414418,-1.06700086,0.21853998,0.01412769,1.0
2444849.662959,0.8060613,-2.01416763,0.56596163,0.01414558,-1.06699262,0.21855571,0.01412909,1.0
2444849.667959,0.7550277,-2.01418486,0.56590217,0.01414743,-1.06698164,0.21857670000000004,0.01413095,1.0
2444849.670334,0.7641186,-2.01419305,0.56587392,0.01414832,-1.06697642,0.21858667,0.01413184,1.0
2444849.677209,0.7065678000000001,-2.01421674,0.56579215,0.01415087,-1.06696133,0.21861553,0.0141344,1.0
2444849.679667,0.7351085,-2.01422521,0.56576292,0.01415178,-1.06695594,0.21862584,0.01413531,1.0
2444849.682167,0.7303797,-2.01423383,0.56573319,0.01415271,-1.06695046,0.21863634,0.01413624,1.0
2444849.685667,0.7529139,-2.01424588,0.56569156,0.01415401,-1.06694278,0.21865103,0.01413755,1.0
2444849.690542,0.7912986999999999,-2.01426268,0.56563358,0.01415582,-1.0669321000000005,0.2186715,0.01413936,1.0
2444849.693084,0.8142126000000001,-2.01427144,0.56560334,0.01415677,-1.06692653,0.21868218,0.01414031,1.0
2444849.699209,0.8756524,-2.01429254,0.5655305,0.01415904,-1.06691311,0.2187079,0.01414259,1.0
2444849.701751,0.8976964,-2.01430129,0.56550026,0.01415999,-1.06690755,0.21871857,0.01414354,1.0
2444849.706167,0.943463,-2.0143165,0.56544774,0.01416163,-1.06689788,0.21873712,0.01414518,1.0
2444849.708667,0.9663236,-2.01432511,0.565418,0.01416256,-1.06689241,0.21874762,0.01414612,1.0
2444849.711209,0.9897375,-2.01433387,0.56538777,0.0141635,-1.06688685,0.2187583,0.01414706,1.0
2444849.7175020003,1.02876,-2.01435553,0.56531293,0.01416584,-1.06687309,0.21878473,0.01414941,1.0
2444849.71996,1.056602,-2.014364,0.5652837,0.01416675,-1.06686772,0.21879506,0.01415032,1.0
2444849.724668,1.042094,-2.01438021,0.5652276999999999,0.0141685,-1.06685744,0.21881484,0.01415208,1.0
2444849.728043,1.098255,-2.01439183,0.56518756,0.01416976,-1.06685007,0.21882902,0.01415333,1.0
2444849.732418,1.152124,-2.01440689,0.56513552,0.01417138,-1.06684051,0.21884741,0.01415496,1.0
2444849.73496,1.154241,-2.01441564,0.56510528,0.01417233,-1.06683497,0.21885809,0.01415591,1.0
2444849.741668,1.199748,-2.01443873,0.5650255,0.01417482,-1.06682033,0.21888628,0.01415841,1.0
2444849.744168,1.20639,-2.01444733,0.56499576,0.01417575,-1.06681488,0.21889679,0.01415934,1.0
2444849.748043,1.207491,-2.01446067,0.56494967,0.01417719,-1.06680643,0.21891308,0.01416078,1.0
2444849.750585,1.207484,-2.01446941,0.56491943,0.01417813,-1.0668008999999998,0.21892377,0.01416173,1.0
2444851.592513,1.056215,-2.02069729,0.54297983,0.014861700000000004,-1.06314216,0.22680079,0.01484706,1.0
2444851.595096,1.070904,-2.02070587,0.54294902,0.01486266,-1.06313753,0.22681202,0.01484802,1.0
2444851.603471,1.130695,-2.02073368,0.54284913,0.01486576,-1.06312252,0.22684843,0.01485113,1.0
2444851.608554,1.157023,-2.02075055,0.5427885,0.01486765,-1.06311342,0.22687053,0.01485302,1.0
2444851.616638,1.222749,-2.02077739,0.54269207,0.01487064,-1.06309896,0.22690568,0.01485603,1.0
2444851.6201790003,1.226125,-2.02078915,0.54264983,0.01487196,-1.06309264,0.22692108,0.01485734,1.0
2444851.630304,1.235175,-2.02082275,0.54252906,0.01487571,-1.06307455,0.22696511,0.01486111,1.0
2444851.632304,1.24775,-2.02082939,0.5425052,0.01487645,-1.06307098,0.22697381,0.01486185,1.0
2444851.636596,1.205937,-2.02084363,0.542454,0.01487804,-1.06306333,0.22699248,0.01486344,1.0
2444851.645304,1.171978,-2.02087252,0.54235013,0.01488127,-1.0630478,0.22703037,0.01486668,1.0
2444851.648679,1.175215,-2.02088372,0.54230987,0.01488252,-1.06304179,0.22704505,0.01486793,1.0
2444851.656804,1.112019,-2.02091067,0.54221295,0.01488553,-1.06302733,0.2270804,0.01487095,1.0
2444851.661596,1.0897059999999998,-2.02092657,0.54215579,0.01488731,-1.0630188,0.22710126,0.01487273,1.0
2444851.671054,1.047378,-2.02095793,0.54204296,0.01489081,-1.06300199,0.22714242,0.01487625,1.0
2444851.675346,1.015082,-2.02097216,0.54199176,0.0148924,-1.06299437,0.2271611,0.01487784,1.0
2444851.677304,1.0048469999999998,-2.02097866,0.54196841,0.01489313,-1.0629909,0.22716963,0.01487857,1.0
2444851.688222,0.9325953,-2.02101485,0.54183818,0.01489718,-1.06297153,0.22721715,0.01488263,1.0
2444851.691972,0.9080107,-2.02102728,0.54179344,0.01489857,-1.06296488,0.22723348,0.01488402,1.0
2444851.703222,0.8167408,-2.02106457,0.54165923,0.01490274,-1.06294496,0.22728247,0.0148882,1.0
2444851.707055,0.7959430999999999,-2.02107727,0.54161351,0.01490416,-1.06293818,0.22729916,0.01488963,1.0
2444851.716264,0.7265683000000001,-2.02110778,0.54150365,0.01490757,-1.0629219,0.22733927,0.01489305,1.0
2444851.720472,0.6868685999999999,-2.02112172,0.54145344,0.01490913,-1.06291447,0.2273576,0.01489461,1.0
2444851.726055,0.722554,-2.02114021,0.54138684,0.0149112,-1.06290462,0.22738192,0.01489669,1.0
2444851.730347,0.7629005999999999,-2.02115443,0.54133564,0.01491279,-1.06289704,0.22740062,0.01489828,1.0
2444851.736597,0.8040147,-2.02117513,0.54126107,0.0149151,-1.06288602,0.22742785,0.0149006,1.0
2444851.740764,0.8403528,-2.02118893,0.54121136,0.01491665,-1.06287868,0.22744601,0.01490215,1.0
2444851.746264,0.9012776,-2.02120714,0.54114574,0.01491869,-1.062869,0.22746998,0.0149042,1.0
2444851.74993,0.9333753,-2.02121928,0.5411020000000001,0.01492005,-1.06286254,0.22748596,0.01490556,1.0
2444851.74338,0.7879835999999999,-2.02119759,0.54118015,0.01491762,-1.06287408,0.22745741,0.01490312,1.0
2444851.78957,1.043559,-2.02135047,0.54062907,0.01493474,-1.06279296,0.22765878,0.01492029,1.0
2444851.81483,1.003962,-2.02143402,0.54032768,0.0149441,-1.0627488,0.22776896,0.01492967,1.0
2444851.83537,0.9055598,-2.02150192,0.54008261,0.01495171,-1.06271298,0.2278586,0.0149373,1.0
2444851.85678,0.8078248,-2.02157267,0.53982714,0.01495964,-1.06267574,0.22795206,0.01494526,1.0
2444851.92339,0.8616226999999999,-2.0217926,0.5390323,0.01498432,-1.06256051,0.22824304,0.01497,1.0
2444851.93617,0.9748036,-2.02183476,0.53887978,0.01498906,-1.0625385,0.22829891,0.01497475,1.0
2444851.94138,1.019805,-2.02185195,0.53881761,0.01499099,-1.06252954,0.22832169,0.01497669,1.0
2444851.94657,1.022627,-2.02186906,0.53875567,0.01499291,-1.06252062,0.22834438,0.01497861,1.0
2444851.95257,1.069836,-2.02188885,0.53868407,0.01499514,-1.06251032,0.22837062,0.01498084,1.0
2444851.95905,1.097785,-2.02191022,0.53860674,0.01499754,-1.0624992,0.22839896,0.01498325,1.0
2444851.96425,1.098796,-2.02192736,0.53854468,0.01499946,-1.06249028,0.2284217,0.01498518,1.0
2444851.96918,1.122321,-2.02194362,0.53848585,0.01500129,-1.06248183,0.22844326,0.01498701,1.0
2444851.97569,1.098796,-2.02196507,0.53840815,0.0150037,-1.06247068,0.22847174,0.01498943,1.0
2444851.98133,1.084719,-2.02198366,0.53834084,0.01500579,-1.06246103,0.22849642,0.01499153,1.0
2444853.67559,1.210965,-2.02747383,0.51809556,0.01563281,-1.05986793,0.23600820000000006,0.01562018,1.0
2444853.69669,1.12702,-2.02754102,0.51784312,0.01564061,-1.0598395,0.23610297,0.015628,1.0
2444853.71837,1.012818,-2.02761002,0.51758373,0.01564862,-1.05981039,0.23620037,0.01563603,1.0
2444853.74473,0.8209778,-2.02769388,0.51726834,0.01565836,-1.05977513,0.23631883,0.0156458,1.0
2444853.76747,0.7019909000000001,-2.02776619,0.51699625,0.01566677,-1.05974483,0.23642106,0.01565423,1.0
2444853.78326,0.836241,-2.02781638,0.51680732,0.01567261,-1.05972385,0.23649207,0.01566008,1.0
2444853.801,0.985216,-2.02787275,0.51659504,0.01567916,-1.05970035,0.23657186,0.01566666,1.0
2444853.81872,1.1322219999999998,-2.02792903,0.516383,0.01568571,-1.05967694,0.23665159,0.01567322,1.0
2444853.83826,1.17255,-2.02799107,0.51614918,0.01569293,-1.05965121,0.23673952,0.01568046,1.0
2444854.77702,0.8170212,-2.03094222,0.50490815,0.01603966,-1.05851156,0.24099249,0.0160281,1.0
2444854.77838,0.8035876999999999,-2.03094645,0.50489186,0.01604016,-1.05851005,0.24099869,0.0160286,1.0
2444854.78227,0.7745211999999999,-2.03095856,0.50484525,0.01604159,-1.05850572,0.24101643,0.01603004,1.0
2444854.78357,0.7723840999999999,-2.03096261,0.50482967,0.01604207,-1.05850428,0.24102236,0.01603052,1.0
2444854.79181,0.8006326,-2.03098825,0.50473093,0.01604511,-1.05849513,0.24105993,0.01603357,1.0
2444854.79525,0.8283870999999999,-2.03099896,0.50468972,0.01604638,-1.05849131,0.24107562,0.01603485,1.0
2444854.83536,1.216279,-2.03112372,0.50420909,0.01606119,-1.058447,0.24125858,0.01604969,1.0
2444854.83872,1.233199,-2.03113416,0.50416883,0.01606243,-1.05844331,0.24127391,0.01605093,1.0
2444854.84121,1.245757,-2.0311419,0.50413899,0.01606335,-1.05844057,0.24128527,0.01605185,1.0
2444854.85256,1.275949,-2.03117718,0.50400298,0.01606754,-1.05842811,0.24133707,0.01605605,1.0
2444854.86169,1.277125,-2.03120556,0.50389357,0.01607091,-1.0584181,0.24137874,0.01605943,1.0
2444854.86411,1.274774,-2.03121308,0.50386457,0.016071799999999997,-1.05841546,0.24138978,0.01606033,1.0
2444854.86988,1.252661,-2.031231,0.50379543,0.01607393,-1.05840915,0.24141612,0.01606246,1.0
2444854.88397,1.2062389999999998,-2.03127477,0.50362658,0.01607913,-1.05839377,0.24148044,0.01606768,1.0
2444854.8890400003,1.179868,-2.03129052,0.50356582,0.016081,-1.05838825,0.24150359,0.01606955,1.0
2444854.89251,1.1594,-2.03130129,0.50352423,0.01608228,-1.05838447,0.24151944,0.01607084,1.0
2444854.90232,1.098078,-2.03133175,0.50340667,0.0160859,-1.05837381,0.24156423,0.01607447,1.0
2444854.90566,1.085009,-2.03134212,0.50336664,0.01608713,-1.05837018,0.24157948,0.016075700000000002,1.0
2444854.9104,1.052527,-2.03135684,0.50330984,0.01608888,-1.05836504,0.24160113,0.01607746,1.0
2444854.92421,0.9581495,-2.0313997,0.50314433,0.01609398,-1.05835009,0.24166421,0.01608256,1.0
2444854.92742,0.9346161,-2.03140966,0.50310586,0.01609516,-1.05834662,0.24167887,0.01608375,1.0
2444854.93184,0.9041351,-2.03142338,0.50305289,0.01609679,-1.05834185,0.24169907,0.01608539,1.0
2444854.94303,0.8140166999999999,-2.03145809,0.50291878,0.01610092,-1.05832978,0.24175019,0.01608953,1.0
2444854.94642,0.796954,-2.03146861,0.50287816,0.01610217,-1.05832613,0.24176568,0.01609078,1.0
2444854.95046,0.7788132,-2.03148114,0.50282974,0.01610366,-1.05832178,0.24178414,0.01609228,1.0
2444854.96257,0.7867436999999999,-2.03151869,0.5026845999999999,0.01610813,-1.05830877,0.24183948,0.01609676,1.0
2444854.96662,0.8207923,-2.03153125,0.50263606,0.01610963,-1.05830443,0.24185799,0.01609826,1.0
2444854.96912,0.8523801,-2.031539,0.5026061,0.01611055,-1.05830175,0.24186942,0.01609918,1.0
2444855.66083,0.9019389,-2.03366783,0.49431195,0.01636567,-1.05761236,0.24504492,0.01635497,1.0
2444855.6691900003,0.9871363,-2.03369336,0.49421165,0.01636875,-1.05760466,0.24508347,0.01635806,1.0
2444855.67179,1.01106,-2.0337013,0.49418046,0.01636971,-1.05760227,0.24509546,0.01635902,1.0
2444855.67477,1.03843,-2.0337104,0.49414471,0.01637081,-1.05759953,0.2451092,0.01636013,1.0
2444855.68269,1.103512,-2.03373459,0.4940497,0.01637373,-1.05759226,0.24514572,0.01636305,1.0
2444855.68571,1.119895,-2.03374381,0.49401347,0.01637484,-1.05758949,0.24515965,0.01636417,1.0
2444855.6995900003,1.1977799999999998,-2.03378619,0.49384695,0.01637996,-1.0575768,0.24522367,0.0163693,1.0
2444855.7036,1.209977,-2.03379842,0.49379885,0.01638143,-1.05757314,0.24524217,0.01637078,1.0
2444855.70815,1.214443,-2.03381231,0.49374426,0.01638311,-1.05756899,0.24526316,0.01637246,1.0
2444855.72617,1.186799,-2.03386729,0.49352807,0.01638975,-1.0575526000000002,0.2453463,0.01637912,1.0
2444855.7321,1.169438,-2.03388538,0.49345692,0.01639194,-1.05754722,0.24537366,0.01638131,1.0
2444855.73544,1.15127,-2.03389557,0.49341685,0.01639317,-1.05754419,0.24538907,0.01638255,1.0
2444855.74306,1.11065,-2.03391881,0.49332543,0.01639598,-1.0575373,0.24542424,0.01638536,1.0
2444855.74773,1.085368,-2.03393305,0.4932694,0.0163977,-1.05753308,0.24544579,0.01638709,1.0
2444855.75528,1.041303,-2.03395607,0.49317882,0.01640048,-1.05752627,0.24548064,0.01638988,1.0
2444855.76708,0.9655553,-2.03399204,0.49303724,0.01640483,-1.05751565,0.24553511,0.01639424,1.0
2444855.7716900003,0.934065,-2.03400609,0.49298193,0.01640653,-1.05751151,0.2455564,0.01639595,1.0
2444855.78827,0.8309542999999999,-2.03405661,0.492783,0.01641264,-1.05749666,0.24563295,0.01640207,1.0
2444855.79258,0.8195530999999999,-2.03406974,0.49273129,0.01641423,-1.0574928,0.24565285,0.01640367,1.0
2444855.79975,0.7641474,-2.03409158,0.49264526,0.01641687,-1.05748641,0.24568596,0.01640631,1.0
2444855.80968,0.7337991,-2.03412182,0.49252611,0.01642053,-1.05747756,0.24573183,0.01640998,1.0
2444855.81471,0.7683819000000001,-2.03413714,0.49246576,0.01642239,-1.05747309,0.24575506,0.01641184,1.0
2444855.81775,0.7913654999999999,-2.0341464,0.49242928,0.01642351,-1.05747039,0.2457691,0.01641297,1.0
2444855.82364,0.8409635,-2.03416433,0.49235861,0.01642568,-1.05746517,0.24579631,0.01641514,1.0
2444855.82629,0.867715,-2.0341724,0.49232681,0.01642666,-1.05746282,0.24580855,0.01641612,1.0
2444855.82944,0.8986221999999999,-2.03418198,0.49228901,0.01642782,-1.05746003,0.24582311,0.01641729,1.0
2444855.83456,0.9540632,-2.03419757,0.49222758,0.0164297,-1.0574555,0.24584676,0.01641918,1.0
2444855.83772,0.962891,-2.03420719,0.49218966,0.01643087,-1.05745271,0.24586136,0.01642035,1.0
2444855.88625,1.161922,-2.0343548,0.49160732,0.01644875,-1.0574101,0.24608566,0.01643828,1.0
2444855.8878,1.177002,-2.03435951,0.49158872,0.01644932,-1.05740874,0.24609282,0.01643885,1.0
2444856.6967700003,1.007917,-2.03679732,0.48187601,0.01674727,-1.05677412,0.2498506,0.0167376,1.0
2444856.69793,1.008845,-2.03680078,0.48186207,0.0167477,-1.05677331,0.24985601,0.01673802,1.0
2444856.70445,1.055418,-2.03682026,0.48178375,0.016750099999999997,-1.05676878,0.24988644,0.01674043,1.0
2444856.71445,1.121565,-2.03685012,0.48166362,0.01675378,-1.05676184,0.24993311,0.01674412,1.0
2444856.72577,1.160446,-2.03688391,0.48152764,0.01675794,-1.05675402,0.24998595,0.0167483,1.0
2444856.7335,1.165801,-2.03690698,0.48143478,0.01676079,-1.05674869,0.25002203,0.01675115,1.0
2444856.74091,1.15405,-2.0369291,0.48134576,0.01676352,-1.05674359,0.25005663,0.01675389,1.0
2444856.751,1.12986,-2.0369592,0.48122454,0.01676723,-1.05673668,0.25010374,0.01675761,1.0
2444856.79053,0.9277364,-2.03707708,0.48074964,0.01678178,-1.05670979,0.25028836,0.0167722,1.0
2444856.80111,0.855509,-2.03710861,0.48062253,0.01678567,-1.05670265,0.25033778,0.0167761,1.0
2444856.81066,0.7852800999999999,-2.03713707,0.48050779,0.01678919,-1.05669623,0.2503824,0.01677963,1.0
2444856.82634,0.7031121,-2.03718378,0.48031941,0.01679496,-1.05668572,0.25045567,0.01678541,1.0
2444856.83853,0.7499366,-2.03722008,0.48017295,0.01679944,-1.0566776000000002,0.25051264,0.01678991,1.0
2444856.84369,0.8095144000000001,-2.03723545,0.48011095,0.01680134,-1.05667417,0.25053676,0.01679181,1.0
2444856.85596,0.9016222,-2.03727197,0.47996353,0.01680586,-1.05666603,0.25059411,0.01679634,1.0
2444856.86805,0.9931722,-2.03730795,0.47981826,0.01681031,-1.05665805,0.25065063,0.016800799999999998,1.0
2444856.88033,1.07405,-2.03734449,0.47967071,0.01681482,-1.05664997,0.25070805,0.01680533,1.0
2444856.89021,1.1164120000000002,-2.03737388,0.479552,0.01681846,-1.0566434999999998,0.25075425,0.01680898,1.0
2444856.8938700003,1.119501,-2.03738476,0.47950802,0.01681981,-1.05664111,0.25077137,0.01681033,1.0
2444856.90756,1.109238,-2.03742547,0.47934353,0.01682484,-1.05663218,0.25083539,0.01681538,1.0
2444856.91543,1.106176,-2.03744886,0.47924896,0.01682774,-1.05662707,0.25087221,0.01681828,1.0
2444856.92531,1.059313,-2.03747823,0.47913024,0.01683138,-1.05662067,0.25091842,0.01682193,1.0
2444856.92974,1.031394,-2.03749139,0.47907701,0.01683301,-1.05661781,0.25093915,0.01682356,1.0
2444856.94231,0.9813515,-2.03752874,0.47892597,0.01683763,-1.05660972,0.25099796,0.0168282,1.0
2444856.9457,0.9669958,-2.03753881,0.47888523,0.01683888,-1.05660754,0.25101382,0.01682945,1.0
2444856.95577,0.9057839,-2.03756872,0.47876422,0.01684258,-1.05660108,0.25106095,0.01683317,1.0
2444867.65498,1.223315,-2.06556283,0.34940358,0.02074531,-1.06245924,0.30310846,0.02074648,1.0
2444867.66712,1.141664,-2.06559028,0.34925597,0.020749700000000003,-1.0624805,0.30316873,0.02075088,1.0
2444867.68365,0.9825131,-2.06562766,0.34905497,0.02075567,-1.0625095,0.30325079,0.02075687,1.0
2444867.69459,0.9211671,-2.06565238,0.34892194,0.02075963,-1.06252872,0.3033051,0.02076083,1.0
2444867.70475,0.8486690999999998,-2.06567533,0.3487984000000001,0.0207633,-1.0625466,0.30335554,0.02076452,1.0
2444867.71789,0.7296899,-2.06570501,0.34863862,0.02076805,-1.06256976,0.30342078,0.02076928,1.0
2444867.73037,0.7934844,-2.06573319,0.34848686,0.02077256,-1.06259179,0.30348273,0.0207738,1.0
2444867.74474,0.9391573,-2.06576562,0.34831212,0.02077775,-1.0626171999999998,0.30355407,0.02077901,1.0
2444867.7517,1.024091,-2.06578132,0.34822748,0.02078027,-1.06262952,0.30358863,0.02078153,1.0
2444867.77039,1.184509,-2.06582347,0.3480002,0.02078702,-1.06266267,0.30368142,0.0207883,1.0
2444867.78495,1.2323620000000002,-2.06585629,0.34782314,0.02079229,-1.06268855,0.3037537,0.02079358,1.0
2444867.80548,1.217695,-2.06590254,0.34757348,0.0207997,-1.06272512,0.30385563,0.02080102,1.0
2444867.82118,1.128076,-2.06593789,0.34738255,0.02080538,-1.06275315,0.30393357,0.02080671,1.0
2444867.83336,1.087272,-2.0659653,0.34723442,0.02080978,-1.06277494,0.30399404,0.02081112,1.0
2444867.84187,1.046016,-2.06598445,0.34713093,0.02081285,-1.06279018,0.30403629,0.0208142,1.0
2444867.84919,1.012834,-2.06600092,0.34704191,0.0208155,-1.0628033,0.30407263,0.02081686,1.0
2444867.85521,0.9557369,-2.06601446,0.3469687,0.02081767,-1.06281411,0.30410252,0.02081904,1.0
2444867.87518,0.7934844,-2.06605936,0.34672583,0.02082489,-1.06285,0.30420167,0.02082627,1.0
2444867.89729,0.702002,-2.06610903,0.34645693,0.02083288,-1.06288984,0.30431144,0.02083428,1.0
2444867.90723,0.8401142,-2.06613136,0.34633604,0.02083647,-1.06290779,0.30436079,0.02083788,1.0
2444867.92001,0.9897793,-2.06616005,0.34618059999999995,0.02084109,-1.0629309,0.30442424,0.02084251,1.0
2444867.9283,1.0615450000000002,-2.06617865,0.34607978,0.02084408,-1.06294591,0.30446540000000005,0.02084552,1.0
2444867.93792,1.144823,-2.06620024,0.34596278,0.02084756,-1.06296335,0.30451316,0.020849,1.0
2456635.419536,0.7176591,0.83011934,-2.25901008,0.04885087,1.05517426,-1.30009894,0.04884688,1.0
2456635.423026,0.7840038,0.83015549,-2.25899951,0.04885005,1.05515097,-1.30007488,0.04884607,1.0
2456635.426516,0.8217093000000001,0.83019164,-2.25898894,0.04884923,1.05512769,-1.30005082,0.04884525,1.0
2456635.430026,0.8919041,0.83022799,-2.25897831,0.04884841,1.05510426,-1.30002663,0.04884442,1.0
2456635.433517,0.9068139,0.83026414,-2.25896774,0.04884759,1.05508097,-1.30000257,0.0488436,1.0
2456635.437007,0.9833725,0.83030029,-2.25895717,0.04884677,1.05505768,-1.29997852,0.04884278,1.0
2456635.440507,1.024987,0.83033654,-2.25894657,0.04884595,1.05503432,-1.29995441,0.04884196,1.0
2456635.444007,1.0782459999999998,0.83037279,-2.25893597,0.04884512,1.05501096,-1.29993029,0.04884114,1.0
2456635.447497,1.103363,0.83040894,-2.2589254,0.04884431,1.05498767,-1.29990625,0.04884032,1.0
2456635.4509880003,1.145825,0.83044509,-2.25891482,0.04884349,1.05496437,-1.29988222,0.0488395,1.0
2456635.454488,1.195414,0.83048134,-2.25890422,0.04884267,1.05494101,-1.29985811,0.04883868,1.0
2456635.457988,1.221007,0.83051759,-2.25889362,0.04884184,1.05491765,-1.29983401,0.04883786,1.0
2456635.461478,1.248298,0.83055374,-2.25888304,0.04884102,1.05489435,-1.29980998,0.04883704,1.0
2456635.464978,1.270335,0.83058999,-2.25887243,0.0488402,1.05487098,-1.29978589,0.04883622,1.0
2456635.468479,1.282089,0.83062624,-2.25886183,0.04883938,1.05484761,-1.2997618,0.0488354,1.0
2456635.4727990003,1.308333,0.83067098,-2.25884874,0.04883837,1.05481877,-1.29973206,0.04883438,1.0
2456635.476299,1.314371,0.83070723,-2.25883813,0.04883755,1.0547954,-1.29970798,0.04883356,1.0
2456635.479799,1.311952,0.83074348,-2.25882752,0.04883672,1.05477203,-1.2996839,0.04883274,1.0
2456635.483289,1.307128,0.83077963,-2.25881694,0.0488359,1.05474872,-1.29965989,0.04883192,1.0
2456635.48678,1.308333,0.83081578,-2.25880636,0.04883509,1.05472542,-1.29963588,0.0488311,1.0
2456635.49028,1.285637,0.83085203,-2.25879575,0.04883426,1.05470204,-1.29961181,0.04883028,1.0
2456635.49378,1.282089,0.83088827,-2.25878514,0.04883344,1.05467867,-1.29958774,0.04882946,1.0
2456635.49727,1.255215,0.83092442,-2.25877456,0.04883262,1.05465536,-1.29956374,0.04882864,1.0
2456635.50076,1.243707,0.83096056,-2.25876398,0.0488318,1.05463205,-1.29953975,0.04882782,1.0
2456635.504261,1.216517,0.83099681,-2.25875337,0.04883098,1.05460867,-1.29951569,0.048827,1.0
2456635.507751,1.194313,0.83103296,-2.25874279,0.04883016,1.05458536,-1.2994917,0.04882618,1.0
2456635.511251,1.167127,0.8310692,-2.25873217,0.04882934,1.05456198,-1.29946765,0.04882536,1.0
2456635.514751,1.132187,0.83110545,-2.25872156,0.04882852,1.0545386,-1.29944359,0.04882454,1.0
2456635.5189610003,1.104379,0.83114905,-2.25870879,0.04882753,1.05451047,-1.29941467,0.04882355,1.0
2456635.527492,1.028769,0.83123739,-2.25868292,0.04882553,1.05445348,-1.29935607,0.04882154,1.0
2456635.530992,0.9716690999999998,0.83127364,-2.2586723,0.04882471,1.05443009,-1.29933204,0.04882072,1.0
2456635.534482,0.934799,0.83130978,-2.25866172,0.04882389,1.05440677,-1.29930807,0.0488199,1.0
2456635.537982,0.9135202,0.83134603,-2.2586511,0.04882306,1.05438338,-1.29928404,0.04881908,1.0
2456635.541473,0.8691969,0.83138217,-2.25864051,0.04882224,1.05436006,-1.29926008,0.04881826,1.0
2456635.544963,0.8339081,0.83141831,-2.25862992,0.04882143,1.05433673,-1.29923613,0.04881744,1.0
2456635.548463,0.8022656,0.83145456,-2.2586193,0.0488206,1.05431334,-1.2992121,0.04881662,1.0
2456635.551953,0.7689855,0.8314906999999999,-2.25860871,0.04881978,1.05429002,-1.29918815,0.0488158,1.0
2456635.555443,0.7242995,0.83152684,-2.25859812,0.04881896,1.05426669,-1.29916421,0.04881498,1.0
2456635.558944,0.6974581999999999,0.83156309,-2.2585875,0.04881814,1.05424329,-1.29914019,0.04881416,1.0
2456635.562434,0.6623967,0.83159923,-2.25857691,0.04881732,1.05421997,-1.29911625,0.04881334,1.0
2456635.565934,0.6473187,0.83163547,-2.25856629,0.0488165,1.05419657,-1.29909225,0.04881252,1.0
2456635.569424,0.6467228,0.83167161,-2.2585557,0.04881568,1.05417324,-1.29906831,0.0488117,1.0
2456635.572924,0.6797015000000001,0.83170786,-2.25854507,0.04881486,1.05414984,-1.29904431,0.04881088,1.0
2456635.5764240003,0.7156788000000001,0.8317440999999999,-2.25853445,0.04881404,1.05412644,-1.29902031,0.04881005,1.0
2456635.579915,0.7377651999999999,0.83178024,-2.25852385,0.04881322,1.0541031,-1.29899639,0.04880923,1.0
2456635.584125,0.7847263000000001,0.83182384,-2.25851107,0.04881223,1.05407495,-1.29896753,0.04880825,1.0
2456635.587625,0.820197,0.83186008,-2.25850045,0.04881141,1.05405155,-1.29894354,0.04880742,1.0
2456635.591125,0.8517618,0.83189632,-2.25848982,0.04881058,1.05402814,-1.29891956,0.0488066,1.0
2456635.5946150003,0.8845414,0.83193246,-2.25847922,0.04880976,1.05400481,-1.29889565,0.04880578,1.0
2456635.598116,0.9279364,0.8319687,-2.2584686,0.04880894,1.0539813999999998,-1.29887167,0.04880496,1.0
2456635.601606,0.9618744,0.83200484,-2.258458,0.04880812,1.05395806,-1.29884776,0.04880414,1.0
2456635.6051060003,0.9998119,0.83204108,-2.25844737,0.048807300000000005,1.05393465,-1.29882379,0.04880332,1.0
2456636.4522220003,0.8265304,0.84080599,-2.25585771,0.04860797,1.04823859,-1.293112,0.04860398,1.0
2456636.4581330004,0.9800735,0.8408671,-2.25583952,0.04860657,1.04819864,-1.29307278,0.04860259,1.0
2456636.461633,1.004752,0.84090328,-2.25582875,0.04860575,1.04817498,-1.29304956,0.04860177,1.0
2456636.465123,1.034805,0.84093937,-2.255818,0.04860493,1.04815139,-1.2930264,0.04860094,1.0
2456636.468623,1.063797,0.84097556,-2.25580723,0.0486041,1.04812772,-1.29300319,0.04860012,1.0
2456636.472123,1.083574,0.84101175,-2.25579646,0.04860328,1.04810406,-1.29297997,0.04859929,1.0
2456636.475614,1.126312,0.84104783,-2.25578571,0.04860245,1.04808046,-1.29295683,0.04859847,1.0
2456636.479114,1.160002,0.84108402,-2.25577494,0.04860163,1.04805679,-1.29293362,0.04859764,1.0
2456636.4826040003,1.199109,0.8411200999999999,-2.25576419,0.048600800000000006,1.04803319,-1.29291048,0.04859682,1.0
2456636.486104,1.191404,0.84115629,-2.25575342,0.04859998,1.04800952,-1.29288728,0.048596,1.0
2456636.489594,1.214672,0.84119237,-2.25574267,0.04859916,1.04798592,-1.29286415,0.04859517,1.0
2456636.4930950003,1.224782,0.84122856,-2.25573189,0.04859833,1.04796225,-1.29284095,0.04859435,1.0
2456636.496585,1.228171,0.84126464,-2.25572114,0.04859751,1.04793865,-1.29281783,0.04859352,1.0
2456636.500085,1.225911,0.84130083,-2.25571037,0.04859668,1.04791498,-1.29279464,0.0485927,1.0
2456636.503575,1.24182,0.84133691,-2.25569962,0.04859586,1.04789137,-1.29277152,0.04859188,1.0
2456636.5097060003,1.203535,0.84140029,-2.25568074,0.04859441,1.0478499,-1.29273092,0.04859043,1.0
2456636.513206,1.202427,0.84143647,-2.25566996,0.04859359,1.04782623,-1.29270774,0.04858961,1.0
2456636.516696,1.166431,0.84147256,-2.2556592,0.04859277,1.04780262,-1.29268463,0.04858878,1.0
2456636.520196,1.165357,0.84150874,-2.25564842,0.04859194,1.04777894,-1.29266146,0.04858796,1.0
2456636.523696,1.147252,0.84154493,-2.25563764,0.04859112,1.04775526,-1.29263829,0.04858713,1.0
2456636.5271860003,1.137781,0.84158101,-2.25562689,0.04859029,1.04773165,-1.29261519,0.04858631,1.0
2456636.530687,1.126312,0.84161719,-2.2556161,0.04858947,1.04770797,-1.29259203,0.04858548,1.0
2456636.534177,1.087574,0.84165327,-2.25560535,0.04858864,1.04768435,-1.29256894,0.04858466,1.0
2456636.5376770003,1.069692,0.84168946,-2.25559457,0.04858782,1.04766067,-1.29254578,0.04858383,1.0
2456636.541167,1.051136,0.84172554,-2.25558381,0.048587,1.04763705,-1.29252269,0.04858301,1.0
2456636.544667,1.012182,0.84176172,-2.25557302,0.04858617,1.04761337,-1.29249954,0.04858219,1.0
2456636.548158,0.9864128,0.8417978000000002,-2.25556227,0.04858535,1.04758975,-1.29247646,0.04858136,1.0
2456636.5516580003,0.955122,0.84183398,-2.25555148,0.04858452,1.04756606,-1.29245332,0.04858054,1.0
2456636.555148,0.9214228,0.84187006,-2.25554072,0.0485837,1.04754244,-1.29243024,0.04857971,1.0
2456636.558638,0.8767159,0.84190614,-2.25552997,0.04858287,1.04751882,-1.29240717,0.04857889,1.0
2456636.568219,0.7878776999999999,0.84200518,-2.25550043,0.04858061,1.04745397,-1.29234385,0.04857663,1.0
2456636.571709,0.7503411999999999,0.84204126,-2.25548967,0.04857979,1.04743035,-1.29232079,0.04857581,1.0
2456636.575199,0.7165703,0.84207734,-2.25547891,0.04857897,1.04740672,-1.29229774,0.04857499,1.0
2456636.578699,0.6919247,0.84211352,-2.25546812,0.04857814,1.04738303,-1.29227462,0.04857416,1.0
2456636.582189,0.64932,0.84214959,-2.25545736,0.04857732,1.0473594000000002,-1.29225157,0.04857334,1.0
2456636.58568,0.6206673,0.84218567,-2.2554466,0.0485765,1.04733577,-1.29222852,0.04857251,1.0
2456636.58918,0.6229581,0.84222185,-2.2554357999999994,0.04857567,1.04731207,-1.29220541,0.04857169,1.0
2456636.59267,0.6415918,0.84225793,-2.25542504,0.04857485,1.04728844,-1.29218236,0.04857086,1.0
2456636.5961700003,0.6638329000000001,0.84229411,-2.25541425,0.04857402,1.04726474,-1.29215926,0.04857004,1.0
2456636.59966,0.6919247,0.84233019,-2.25540348,0.0485732,1.04724111,-1.29213622,0.04856922,1.0
2456636.603161,0.7093471,0.84236637,-2.25539268,0.04857237,1.0472174,-1.29211312,0.04856839,1.0
2456636.606651,0.7649954000000001,0.84240244,-2.25538192,0.04857155,1.04719377,-1.29209009,0.04856757,1.0
2456636.610151,0.7857036999999999,0.84243862,-2.25537112,0.04857072,1.04717006,-1.292067,0.04856674,1.0
2456636.613641,0.8257694999999999,0.8424746999999999,-2.25536035,0.0485699,1.04714643,-1.29204398,0.04856592,1.0
2456636.617141,0.8543951999999999,0.84251088,-2.25534956,0.04856907,1.04712272,-1.29202089,0.04856509,1.0
2456636.620632,0.8921927,0.84254695,-2.25533879,0.04856825,1.04709908,-1.29199787,0.04856427,1.0
2456636.624132,0.9325217,0.84258313,-2.25532799,0.04856743,1.04707537,-1.29197479,0.04856344,1.0
2456636.627622,0.9586469,0.84261921,-2.25531722,0.0485666,1.04705173,-1.29195178,0.04856262,1.0
2456636.631122,0.9882318,0.84265539,-2.25530642,0.04856578,1.04702802,-1.29192871,0.04856179,1.0
2456636.641453,1.065759,0.84276216,-2.25527454,0.04856334,1.04695804,-1.29186062,0.04855936,1.0
2456636.644943,1.089579,0.84279824,-2.25526377,0.04856252,1.04693439,-1.29183763,0.04855853,1.0
2456636.649393,1.123204,0.84284423,-2.25525003,0.04856147,1.04690424,-1.29180831,0.04855748,1.0
2456636.652883,1.128389,0.84288031,-2.25523926,0.04856064,1.04688059,-1.29178532,0.04855666,1.0
2456636.656373,1.1315110000000002,0.84291638,-2.25522848,0.04855982,1.04685694,-1.29176234,0.04855584,1.0
2456636.659874,1.136733,0.84295255,-2.25521768,0.04855899,1.04683323,-1.29173929,0.04855501,1.0
2456636.663364,1.141981,0.84298863,-2.2552069,0.04855817,1.04680957,-1.29171631,0.04855419,1.0
2456636.666864,1.14514,0.8430247999999999,-2.2551961,0.04855734,1.04678585,-1.29169326,0.04855336,1.0
2456636.6703540003,1.148309,0.84306088,-2.25518532,0.04855652,1.0467622,-1.29167029,0.04855254,1.0
2456636.673854,1.135687,0.84309705,-2.25517451,0.04855569,1.04673848,-1.29164725,0.04855171,1.0
2456636.677355,1.1315110000000002,0.84313323,-2.2551637,0.04855487,1.04671476,-1.29162422,0.04855088,1.0
2456636.680845,1.114959,0.8431693000000001,-2.25515293,0.04855404,1.0466911,-1.29160125,0.04855006,1.0
2456636.684335,1.115986,0.84320537,-2.25514215,0.04855322,1.04666744,-1.29157829,0.04854924,1.0
2456636.687845,1.101688,0.84324165,-2.25513131,0.04855239,1.04664365,-1.2915552,0.04854841,1.0
2456636.691345,1.074629,0.84327782,-2.25512049,0.04855157,1.04661992,-1.29153218,0.04854758,1.0
2456636.694836,1.055016,0.84331389,-2.25510971,0.04855074,1.04659626,-1.29150923,0.04854676,1.0
2456636.698336,1.027209,0.84335007,-2.2550989,0.04854992,1.04657253,-1.29148621,0.04854593,1.0
2456636.701826,1.005678,0.84338614,-2.25508812,0.04854909,1.04654887,-1.29146327,0.04854511,1.0
2456636.705326,0.9964579,0.84342231,-2.25507731,0.04854827,1.04652514,-1.29144026,0.04854428,1.0
2456636.708816,0.9836914,0.84345838,-2.25506653,0.04854744,1.04650147,-1.29141732,0.04854346,1.0
2456636.712317,0.9675173,0.84349455,-2.25505571,0.04854662,1.04647774,-1.29139431,0.04854263,1.0
2456636.715807,0.9577644,0.84353062,-2.25504493,0.04854579,1.04645408,-1.29137138,0.04854181,1.0
2456636.719297,0.9256754,0.84356669,-2.25503414,0.04854497,1.04643041,-1.29134845,0.04854099,1.0
2456636.7227970003,0.8938377000000001,0.84360287,-2.25502333,0.04854414,1.04640667,-1.29132545,0.04854016,1.0
2456705.595417,1.316475,1.50255949,-1.93540254,0.03017629,0.66335928,-1.41379212,0.03017586,1.0
2456705.598444,1.314092,1.5025857,-1.9353841,0.03017541,0.66335715,-1.41381812,0.03017497,1.0
2456705.602911,1.31415,1.50262438,-1.9353569,0.0301741,0.66335402,-1.41385648,0.03017367,1.0
2456705.607382,1.31542,1.50266309,-1.93532968,0.0301728,0.66335089,-1.41389487,0.03017236,1.0
2456705.610415,1.30821,1.50268935,-1.93531121,0.03017191,0.66334877,-1.41392092,0.03017147,1.0
2456705.615065,1.295083,1.50272961,-1.93528289,0.03017055,0.66334552,-1.41396086,0.03017011,1.0
2456705.618059,1.279707,1.50275555,-1.93526465,0.03016967,0.66334343,-1.41398658,0.03016924,1.0
2456705.621084,1.271522,1.50278174,-1.93524623,0.03016879,0.66334132,-1.41401256,0.03016835,1.0
2456705.624076,1.2541129999999998,1.50280764,-1.935228,0.03016791,0.66333924,-1.41403826,0.03016748,1.0
2456705.627074,1.230126,1.5028336000000002,-1.93520975,0.03016703,0.66333715,-1.41406402,0.0301666,1.0
2456705.6346150003,1.175932,1.50289889,-1.93516382,0.03016483,0.66333191,-1.4141288,0.0301644,1.0
2456705.642124,1.128275,1.50296391,-1.93511808,0.03016263,0.66332671,-1.41419332,0.0301622,1.0
2456705.64512,1.096549,1.50298984,-1.93509983,0.03016176,0.66332464,-1.41421907,0.03016132,1.0
2456705.648147,1.08054,1.50301605,-1.93508139,0.03016087,0.66332255,-1.41424508,0.03016044,1.0
2456705.651138,1.046294,1.50304194,-1.93506317,0.030160000000000006,0.66332048,-1.41427078,0.03015957,1.0
2456705.654131,1.015002,1.50306786,-1.93504494,0.03015912,0.66331842,-1.4142965,0.03015869,1.0
2456705.65716,0.9901021,1.50309408,-1.93502649,0.03015823,0.66331633,-1.41432253,0.0301578,1.0
2456705.66015,0.9569584,1.50311996,-1.93500827,0.03015736,0.66331428,-1.41434823,0.03015693,1.0
2456705.663149,0.9283376,1.50314593,-1.93499,0.03015648,0.66331221,-1.41437401,0.03015605,1.0
2456705.666182,0.8964358,1.50317219,-1.93497152,0.03015559,0.66331013,-1.41440008,0.03015517,1.0
2456705.669184,0.8720315000000001,1.50319818,-1.93495323,0.03015472,0.66330807,-1.41442588,0.03015429,1.0
2456705.672181,0.845951,1.50322412,-1.93493498,0.03015384,0.66330602,-1.41445164,0.03015341,1.0
2456705.67521,0.8123781999999999,1.50325034,-1.93491652,0.03015295,0.66330394,-1.41447768,0.03015253,1.0
2456705.678202,0.7772688,1.50327624,-1.93489829,0.03015208,0.6633019,-1.4145034,0.03015165,1.0
2456705.682709,0.7334843000000001,1.50331526,-1.93487084,0.03015076,0.66329882,-1.41454215,0.03015033,1.0
2456705.685701,0.708278,1.50334116,-1.9348526,0.03014988,0.66329678,-1.41456788,0.03014946,1.0
2456705.688728,0.6960123,1.50336737,-1.93483416,0.030149,0.66329471,-1.4145938999999998,0.03014857,1.0
2456705.693235,0.7116008,1.50340638,-1.9348067,0.03014768,0.66329164,-1.41463265,0.03014725,1.0
2456705.696234,0.7362909000000001,1.50343234,-1.93478842,0.0301468,0.6632895999999999,-1.41465844,0.03014638,1.0
2456705.699231,0.7597356,1.50345828,-1.93477016,0.03014593,0.66328757,-1.41468421,0.0301455,1.0
2456705.70226,0.7817641,1.5034845,-1.93475171,0.03014504,0.66328551,-1.41471026,0.03014461,1.0
2456705.705255,0.8126220000000001,1.50351042,-1.93473346,0.03014416,0.66328348,-1.41473602,0.03014374,1.0
2456705.708251,0.8462558000000001,1.50353635,-1.9347152,0.03014329,0.66328145,-1.41476178,0.03014286,1.0
2456705.711282,0.8812817,1.5035626,-1.93469673,0.030142400000000007,0.6632794,-1.41478786,0.03014198,1.0
2456705.714275,0.9051651,1.5035885,-1.93467849,0.03014152,0.66327738,-1.4148136,0.0301411,1.0
2456705.717271,0.9374343,1.50361443,-1.93466023,0.03014065,0.66327536,-1.41483937,0.03014022,1.0
2456705.720297,0.9663934,1.50364063,-1.93464179,0.03013976,0.66327332,-1.4148653999999998,0.03013934,1.0
2456705.723296,1.000845,1.50366658,-1.93462351,0.03013888,0.6632713000000001,-1.41489119,0.03013846,1.0
2456705.726295,1.033665,1.50369254,-1.93460524,0.03013801,0.66326928,-1.41491699,0.03013758,1.0
2456705.729323,1.059725,1.50371875,-1.93458678,0.03013712,0.66326724,-1.41494304,0.0301367,1.0
2456705.736453,1.09379,1.50378046,-1.93454332,0.03013503,0.66326245,-1.41500439,0.03013461,1.0
2456705.739486,1.118271,1.50380671,-1.93452484,0.03013415,0.66326042,-1.41503048,0.03013373,1.0
2456705.742478,1.145408,1.50383261,-1.9345066,0.03013327,0.66325842,-1.41505623,0.03013285,1.0
2456705.74547,1.159239,1.5038585,-1.93448837,0.0301324,0.66325642,-1.41508197,0.03013198,1.0
2456705.748499,1.176484,1.50388471,-1.93446991,0.03013151,0.66325439,-1.41510804,0.03013109,1.0
2456705.751491,1.1852200000000002,1.50391061,-1.93445167,0.03013063,0.6632524000000001,-1.41513378,0.03013021,1.0
2456705.754484,1.195122,1.50393651,-1.93443343,0.03012976,0.6632504,-1.41515954,0.03012934,1.0
2456705.757509,1.214019,1.5039627,-1.93441498,0.03012887,0.66324839,-1.41518558,0.03012845,1.0
2456705.760504,1.216293,1.50398862,-1.93439673,0.030128,0.66324639,-1.41521136,0.03012758,1.0
2456705.763499,1.218573,1.50401453,-1.93437847,0.03012712,0.6632444000000001,-1.41523713,0.0301267,1.0
2456705.766525,1.209663,1.50404072,-1.93436002,0.03012624,0.66324239,-1.41526318,0.03012582,1.0
2456705.769524,1.216403,1.50406667,-1.93434174,0.03012536,0.6632404000000001,-1.41528899,0.03012494,1.0
2456705.772528,1.208622,1.50409267,-1.93432343,0.03012448,0.66323841,-1.41531485,0.03012406,1.0
2456705.775561,1.204214,1.50411891,-1.93430494,0.03012359,0.66323641,-1.41534096,0.03012317,1.0
2456705.778553,1.203142,1.50414481,-1.93428669,0.03012272,0.66323443,-1.41536672,0.0301223,1.0
2456705.781548,1.1921469999999998,1.50417073,-1.93426844,0.03012184,0.66323245,-1.41539251,0.03012142,1.0
2456705.784574,1.179079,1.50419692,-1.93424999,0.03012095,0.66323045,-1.41541856,0.03012054,1.0
2456705.787567,1.161866,1.50422281,-1.93423174,0.03012008,0.66322848,-1.41544433,0.03011966,1.0
2456705.790561,1.154434,1.50424872,-1.93421349,0.0301192,0.66322651,-1.4154701,0.03011879,1.0
2456705.793587,1.139678,1.50427491,-1.93419504,0.03011832,0.66322452,-1.41549616,0.030117900000000006,1.0
2456705.798101,1.11584,1.50431397,-1.93416752,0.030117,0.66322155,-1.41553503,0.03011658,1.0
2456705.801096,1.094498,1.50433989,-1.93414925,0.03011612,0.66321959,-1.41556083,0.0301157,1.0
2456705.804088,1.079513,1.50436578,-1.93413101,0.03011524,0.66321763,-1.41558659,0.03011483,1.0
2456705.807118,1.065715,1.50439199,-1.93411253,0.03011436,0.66321564,-1.41561269,0.03011394,1.0
2456705.81011,1.050157,1.50441788,-1.93409429,0.03011348,0.66321368,-1.41563845,0.03011307,1.0
2456705.813104,1.03102,1.50444379,-1.93407603,0.03011261,0.66321173,-1.41566424,0.03011219,1.0
2456705.81761,0.9983587,1.50448278,-1.93404856,0.03011129,0.66320879,-1.41570305,0.03011087,1.0
2456705.820637,0.985598,1.50450897,-1.9340301,0.030110400000000006,0.66320682,-1.41572912,0.03010999,1.0
2456705.825423,0.9508687,1.50455038,-1.93400091,0.030109,0.6632037,-1.41577036,0.03010859,1.0
2456705.82842,0.9275422,1.50457631,-1.93398263,0.03010812,0.66320175,-1.41579618,0.03010771,1.0
2456705.831446,0.901461,1.50460249,-1.93396418,0.03010724,0.66319979,-1.41582225,0.03010683,1.0
2456705.834437,0.8769198,1.50462837,-1.93394594,0.03010636,0.66319785,-1.41584801,0.03010595,1.0
2456705.837432,0.8554072,1.50465428,-1.93392767,0.03010549,0.66319591,-1.41587382,0.03010507,1.0
2456705.84046,0.8328870999999999,1.50468048,-1.93390921,0.0301046,0.66319395,-1.41589991,0.03010419,1.0
2456705.843453,0.8072334,1.50470637,-1.93389095,0.03010372,0.66319201,-1.41592569,0.03010331,1.0
2456705.8464470003,0.7881560000000001,1.50473228,-1.93387269,0.03010285,0.66319008,-1.41595149,0.03010244,1.0
2456705.8494720003,0.7582727,1.50475845,-1.93385424,0.03010196,0.66318813,-1.41597757,0.03010155,1.0
2456705.852464,0.7376295,1.50478434,-1.93383599,0.03010109,0.6631862,-1.41600335,0.03010068,1.0
2456705.855458,0.721525,1.50481024,-1.93381773,0.03010021,0.66318427,-1.41602915,0.0300998,1.0
2456705.858485,0.7103371,1.50483643,-1.93379927,0.03009932,0.66318233,-1.41605524,0.03009891,1.0
2456705.861485,0.6903632,1.50486238,-1.93378097,0.03009845,0.6631804,-1.41608109,0.03009804,1.0
2456705.864486,0.674669,1.50488834,-1.93376266,0.03009757,0.66317847,-1.41610696,0.03009716,1.0
2456705.867519,0.6709713,1.50491458,-1.93374416,0.03009668,0.66317653,-1.4161331,0.03009627,1.0
2456705.870514,0.6866208,1.5049405,-1.93372589,0.030095799999999995,0.66317461,-1.41615892,0.0300954,1.0
2456705.873511,0.7058787,1.50496642,-1.93370761,0.03009493,0.66317269,-1.41618476,0.03009452,1.0
2456705.876544,0.7371286,1.50499266,-1.93368911,0.03009404,0.66317076,-1.4162108999999998,0.03009363,1.0
2456705.879544,0.7711809000000001,1.50501861,-1.93367081,0.03009316,0.66316884,-1.41623677,0.03009275,1.0
2456705.882545,0.8150221,1.50504457,-1.9336525,0.03009228,0.66316693,-1.41626264,0.03009188,1.0
2456705.885571,0.8542453000000001,1.50507074,-1.93363404,0.0300914,0.663165,-1.41628872,0.03009099,1.0
2456705.888565,0.8863305,1.50509664,-1.93361577,0.03009052,0.6631630999999999,-1.41631454,0.03009011,1.0
2456705.8915560003,0.9272753,1.50512251,-1.93359753,0.03008965,0.6631611999999999,-1.41634033,0.03008924,1.0
2456705.894584,0.9763866,1.50514872,-1.93357905,0.03008876,0.66315927,-1.41636644,0.03008835,1.0
2456705.897576,0.994569,1.5051746,-1.9335608,0.03008788,0.66315738,-1.41639224,0.03008748,1.0
2456705.900567,1.037643,1.50520047,-1.93354255,0.03008701,0.66315548,-1.41641803,0.0300866,1.0
2456705.903595,1.068713,1.50522666,-1.93352407,0.03008612,0.66315357,-1.41644415,0.03008572,1.0
2456705.906591,1.116026,1.50525257,-1.93350579,0.03008524,0.66315167,-1.41646998,0.03008484,1.0
2456705.909582,1.138904,1.50527844,-1.93348755,0.03008437,0.66314978,-1.41649578,0.03008396,1.0
2456705.912611,1.163323,1.50530464,-1.93346906,0.03008348,0.66314787,-1.4165219,0.03008308,1.0
2456705.915603,1.195951,1.50533052,-1.93345081,0.03008261,0.66314599,-1.41654771,0.0300822,1.0
2456706.641742,1.373691,1.51160333,-1.92900981,0.02986991,0.66274899,-1.42284227,0.02986957,1.0
2456706.643225,1.371184,1.51161612,-1.92900072,0.02986947,0.66274831,-1.42285519,0.02986914,1.0
2456706.6447400004,1.357384,1.5116292,-1.92899143,0.02986903,0.66274761,-1.42286839,0.02986869,1.0
2456706.646255,1.342484,1.51164227,-1.92898214,0.02986858,0.6627469,-1.42288159,0.02986825,1.0
2456706.647737,1.322866,1.51165506,-1.92897306,0.02986815,0.66274622,-1.4228945,0.02986782,1.0
2456706.649249,1.326547,1.5116681,-1.92896379,0.0298677,0.66274552,-1.42290767,0.02986737,1.0
2456706.658269,1.27398,1.51174591,-1.9289085,0.02986506,0.66274137,-1.42298626,0.02986473,1.0
2456706.659787,1.259996,1.51175901,-1.92889919,0.02986462,0.66274067,-1.42299948,0.02986429,1.0
2456706.66127,1.242727,1.5117718,-1.9288901000000005,0.02986418,0.66273999,-1.42301241,0.02986385,1.0
2456706.662781,1.231353,1.51178484,-1.92888083,0.02986374,0.66273929,-1.42302557,0.02986341,1.0
2456706.6657740003,1.21226,1.51181066,-1.92886249,0.02986286,0.66273792,-1.42305165,0.02986253,1.0
2456706.667289,1.191249,1.51182373,-1.92885319,0.02986242,0.66273723,-1.42306486,0.02986209,1.0
2456706.668802,1.176005,1.51183679,-1.92884392,0.02986197,0.66273654,-1.42307804,0.02986164,1.0
2456706.670279,1.164168,1.51184953,-1.92883486,0.02986154,0.66273586,-1.42309092,0.02986121,1.0
2456706.671796,1.1471559999999998,1.51186261,-1.92882556,0.0298611,0.66273517,-1.42310413,0.02986077,1.0
2456706.673308,1.130392,1.51187566,-1.92881629,0.02986065,0.66273448,-1.42311731,0.02986032,1.0
2456706.674789,1.116955,1.51188843,-1.92880721,0.02986022,0.6627338,-1.42313022,0.02985989,1.0
2456706.676301,1.097596,1.51190147,-1.92879794,0.02985977,0.66273311,-1.42314339,0.02985945,1.0
2456706.677817,1.080561,1.51191455,-1.92878865,0.02985933,0.66273242,-1.42315661,0.029859,1.0
2456706.679302,1.06477,1.51192736,-1.92877954,0.02985889,0.66273175,-1.42316955,0.02985857,1.0
2456706.680818,1.055996,1.51194044,-1.92877025,0.02985845,0.66273106,-1.42318276,0.02985812,1.0
2456706.682334,1.035784,1.51195351,-1.92876095,0.02985801,0.66273037,-1.42319597,0.02985768,1.0
2456706.683813,1.021588,1.51196627,-1.92875188,0.02985757,0.6627297,-1.42320886,0.02985724,1.0
2456706.685326,1.002957,1.51197932,-1.92874261,0.02985713,0.66272901,-1.42322205,0.0298568,1.0
2456706.686842,0.9892115,1.5119924,-1.92873331,0.02985668,0.66272832,-1.42323526,0.02985636,1.0
2456706.688325,0.9810603,1.5120052,-1.92872421,0.02985625,0.66272765,-1.4232482,0.02985592,1.0
2456706.68984,0.9613965,1.51201827,-1.92871492,0.02985581,0.66272697,-1.4232614,0.02985548,1.0
2456706.691356,0.9352102,1.51203135,-1.92870563,0.02985536,0.66272628,-1.42327462,0.02985503,1.0
2456706.692838,0.9181543,1.51204413,-1.92869654,0.02985493,0.66272561,-1.42328754,0.0298546,1.0
2456706.694352,0.8956174000000001,1.51205719,-1.92868726,0.02985448,0.66272493,-1.42330073,0.02985416,1.0
2456706.695866,0.8833428,1.51207025,-1.92867797,0.02985404,0.66272424,-1.42331393,0.02985371,1.0
2456706.697345,0.8537600000000001,1.512083,-1.9286689,0.02985361,0.66272358,-1.42332682,0.02985328,1.0
2456706.6988560003,0.8397353000000001,1.51209604,-1.92865964,0.02985316,0.6627229,-1.42334,0.02985284,1.0
2456706.700372,0.8274642,1.51210911,-1.92865034,0.02985272,0.66272221,-1.42335321,0.02985239,1.0
2456706.701851,0.8078966999999999,1.51212187,-1.92864127,0.02985228,0.66272155,-1.42336611,0.02985196,1.0
2456706.703364,0.7902464,1.51213492,-1.928632,0.02985184,0.66272087,-1.4233793,0.02985151,1.0
2456706.70488,0.7722701,1.512148,-1.9286227,0.0298514,0.66272019,-1.42339251,0.02985107,1.0
2456706.706358,0.7547024,1.51216074,-1.92861364,0.02985096,0.66271952,-1.4234053999999998,0.02985064,1.0
2456706.70787,0.7512464,1.51217378,-1.92860436,0.02985052,0.66271885,-1.42341858,0.02985019,1.0
2456706.709387,0.7430005999999999,1.51218687,-1.92859506,0.02985007,0.66271817,-1.42343181,0.02984975,1.0
2456706.710867,0.7416444999999999,1.51219964,-1.92858598,0.02984964,0.6627175000000001,-1.42344472,0.02984932,1.0
2456706.712383,0.7519733000000001,1.51221272,-1.92857668,0.029849200000000006,0.66271682,-1.42345794,0.02984887,1.0
2456706.713899,0.7568489,1.51222579,-1.92856739,0.02984875,0.66271615,-1.42347115,0.02984843,1.0
2456706.715381,0.7695126,1.51223858,-1.9285583,0.02984832,0.66271548,-1.42348408,0.02984799,1.0
2456706.716895,0.7831095,1.51225163,-1.92854901,0.02984787,0.66271481,-1.42349728,0.02984755,1.0
2456706.718407,0.7918251000000001,1.51226467,-1.92853974,0.02984743,0.66271413,-1.42351046,0.02984711,1.0
2456706.719889,0.8140215999999999,1.51227746,-1.92853065,0.029847,0.66271347,-1.42352338,0.02984667,1.0
2456706.721401,0.8299321,1.5122905,-1.92852138,0.02984655,0.6627128000000001,-1.42353657,0.02984623,1.0
2456706.722918,0.8407159,1.51230358,-1.92851208,0.02984611,0.66271213,-1.4235498,0.02984578,1.0
2456706.724395,0.8547828000000002,1.51231632,-1.92850302,0.02984567,0.66271147,-1.42356268,0.02984535,1.0
2456706.725907,0.8706879000000001,1.51232936,-1.92849375,0.02984523,0.6627108,-1.42357586,0.02984491,1.0
2456706.727423,0.8909826,1.51234243,-1.92848445,0.02984479,0.66271012,-1.42358908,0.02984446,1.0
2456706.731554,0.8819836999999999,1.51237806,-1.92845911,0.02984358,0.66270829,-1.42362511,0.02984325,1.0
2456706.7345490004,0.9109065,1.5124038999999998,-1.92844074,0.029842700000000007,0.66270697,-1.42365124,0.02984237,1.0
2456706.737584,0.9347326,1.51243008,-1.92842212,0.02984181,0.66270563,-1.42367771,0.02984148,1.0
2456706.740583,0.9806198,1.51245594,-1.92840373,0.02984093,0.6627043,-1.42370387,0.02984061,1.0
2456706.7435830003,1.010913,1.51248181,-1.92838533,0.02984005,0.66270298,-1.42373004,0.02983973,1.0
2456706.749604,1.082283,1.51253374,-1.9283484,0.02983828,0.66270034,-1.42378256,0.02983796,1.0
2456706.752601,1.110591,1.51255958,-1.92833001,0.029837400000000007,0.66269902,-1.4238087,0.02983708,1.0
2456706.7556310003,1.131273,1.51258572,-1.92831142,0.02983652,0.6626977,-1.42383514,0.02983619,1.0
2456706.758628,1.155529,1.51261157,-1.92829304,0.02983564,0.66269639,-1.42386129,0.02983532,1.0
2456706.761623,1.177048,1.51263739,-1.92827466,0.02983476,0.66269508,-1.42388742,0.02983444,1.0
2456706.764655,1.205612,1.51266354,-1.92825606,0.02983387,0.66269376,-1.42391387,0.02983355,1.0
2456706.767653,1.2325959999999998,1.51268939,-1.92823767,0.02983299,0.66269245,-1.42394003,0.02983267,1.0
2456706.770645,1.257866,1.51271519,-1.92821932,0.02983211,0.66269116,-1.42396614,0.02983179,1.0
2456706.775151,1.277775,1.51275405,-1.92819168,0.02983079,0.6626892,-1.42400546,0.02983047,1.0
2456706.781176,1.287304,1.51280601,-1.92815471,0.02982903,0.6626866,-1.42405805,0.02982871,1.0
2456706.7856900003,1.292115,1.51284494,-1.92812701,0.0298277,0.66268465,-1.42409744,0.02982738,1.0
2456706.7917110003,1.291005,1.51289685,-1.92809007,0.02982594,0.66268207,-1.42414999,0.02982562,1.0
2456706.809755,1.229725,1.51305244,-1.92797935,0.02982065,0.66267436,-1.42430751,0.02982033,1.0
2456706.812751,1.205095,1.51307827,-1.92796097,0.02981977,0.66267309,-1.42433367,0.02981945,1.0
2456706.815746,1.184227,1.5131041,-1.92794259,0.02981889,0.66267182,-1.42435982,0.02981857,1.0
2456706.818773,1.168014,1.51313019,-1.92792401,0.029818,0.66267054,-1.42438625,0.02981769,1.0
2456706.821767,1.149904,1.51315601,-1.92790564,0.02981712,0.66266928,-1.42441239,0.02981681,1.0
2456706.826805,1.1310559999999998,1.51319945,-1.92787472,0.02981565,0.66266715,-1.42445639,0.02981533,1.0
2456706.829837,1.1104459999999998,1.51322559,-1.92785611,0.02981476,0.66266588,-1.42448287,0.02981444,1.0
2456706.832831,1.10436,1.5132514,-1.92783773,0.02981388,0.66266462,-1.42450901,0.02981357,1.0
2456706.835825,1.085236,1.51327722,-1.92781936,0.029813,0.66266336,-1.42453516,0.02981269,1.0
2456706.838854,1.060566,1.51330333,-1.92780077,0.02981211,0.6626621,-1.42456161,0.0298118,1.0
2456706.841844,1.04316,1.51332911,-1.92778242,0.02981124,0.66266085,-1.42458773,0.02981092,1.0
2456706.844841,1.012894,1.51335494,-1.92776403,0.02981036,0.6626595999999999,-1.4246139,0.02981004,1.0
2456706.847866,0.9935224,1.51338103,-1.92774545,0.02980947,0.66265834,-1.42464033,0.02980916,1.0
2456706.850859,0.9700431,1.51340683,-1.92772708,0.02980859,0.66265709,-1.42466648,0.02980828,1.0
2456706.853852,0.9401656,1.51343263,-1.92770871,0.02980771,0.66265585,-1.42469262,0.0298074,1.0
2456706.856879,0.9145719,1.51345873,-1.92769013,0.02980683,0.6626546,-1.42471907,0.02980652,1.0
2456706.8598720003,0.8864029,1.51348453,-1.92767176,0.02980595,0.66265336,-1.42474521,0.02980564,1.0
2456706.862864,0.8614785,1.51351032,-1.9276534,0.02980507,0.66265212,-1.42477135,0.02980476,1.0
2456706.865892,0.8380270000000001,1.51353643,-1.92763481,0.02980418,0.66265087,-1.42479781,0.02980387,1.0
2456706.86889,0.8212421999999998,1.51356228,-1.9276164,0.0298033,0.66264964,-1.42482401,0.02980299,1.0
2456706.871889,0.7901045,1.51358813,-1.92759799,0.02980242,0.66264841,-1.42485021,0.02980211,1.0
2456706.874916,0.7728550999999999,1.51361422,-1.92757941,0.02980154,0.66264717,-1.42487666,0.02980123,1.0
2456706.877909,0.755286,1.51364002,-1.92756104,0.02980066,0.66264594,-1.42490281,0.02980035,1.0
2456706.880902,0.7367579000000001,1.51366582,-1.92754266,0.02979978,0.66264472,-1.42492897,0.02979947,1.0
2456706.88393,0.7233331000000001,1.51369192,-1.92752407,0.02979889,0.66264348,-1.42495543,0.02979858,1.0
2456706.886923,0.7010542,1.51371772,-1.9275057,0.02979802,0.66264226,-1.42498158,0.02979771,1.0
2456706.889913,0.7088674,1.51374349,-1.92748734,0.02979714,0.66264104,-1.42500771,0.02979683,1.0
2456706.892941,0.7233999,1.5137696000000005,-1.92746875,0.02979625,0.66263981,-1.42503419,0.02979594,1.0
2456706.895936,0.7436897,1.51379542,-1.92745036,0.02979537,0.6626386,-1.42506036,0.02979506,1.0
2456706.898926,0.7773293000000001,1.51382119,-1.927432,0.0297945,0.66263739,-1.4250865,0.02979419,1.0
2456706.9019560004,0.8245528,1.51384731,-1.9274134,0.02979361,0.66263617,-1.42511298,0.0297933,1.0
2456706.904954,0.8563118000000001,1.51387315,-1.92739499,0.02979273,0.66263496,-1.42513919,0.02979242,1.0
2456706.909467,0.9389708,1.51391204,-1.92736728,0.0297914,0.66263314,-1.42517864,0.0297911,1.0
2456706.912459,0.9841594,1.51393784,-1.9273489,0.02979053,0.66263194,-1.4252048000000002,0.02979022,1.0